88
1
111
0 1 0
0 2 1
0 3 2
1 60 3
2 32 3
3 4 3
4 5 3
5 6 3
5 7 3
6 20 3
7 8 3
8 9 4
9 10 3
9 11 3
10 15 3
11 12 3
12 13 3
13 14 5
14 14 5
15 16 3
16 17 6
16 18 5
17 19 5
18 19 6
18 18 5
19 19 5
20 21 4
21 22 3
21 23 3
22 27 3
23 24 3
24 25 3
25 26 5
26 26 5
27 28 3
28 29 6
28 30 5
29 31 5
30 31 6
30 30 5
31 31 5
32 33 3
33 34 3
33 35 3
34 48 3
35 36 3
36 37 4
37 38 3
37 39 3
38 43 3
39 40 3
40 41 3
41 42 5
42 42 5
43 44 3
44 45 6
44 46 5
45 47 5
46 47 6
46 46 5
47 47 5
48 49 4
49 50 3
49 51 3
50 55 3
51 52 3
52 53 3
53 54 5
54 54 5
55 56 3
56 57 6
56 58 5
57 59 5
58 59 6
58 58 5
59 59 5
60 61 3
61 62 3
61 63 3
62 76 3
63 64 3
64 65 4
65 66 3
65 67 3
66 71 3
67 68 3
68 69 3
69 70 5
70 70 5
71 72 3
72 73 6
72 74 5
73 75 5
74 75 6
74 74 5
75 75 5
76 77 4
77 78 3
77 79 3
78 83 3
79 80 3
80 81 3
81 82 5
82 82 5
83 84 3
84 85 6
84 86 5
85 87 5
86 87 6
86 86 5
87 87 5
22
1 0
7 64 1 76 60 61 62 63
7 32 33 2 35 34 36 48
7 3 4 5 6 7 8 20
14 9 10 11 12 13 15 16 21 22 23 24 25 27 28
2 18 14
2 17 29
1 19
2 26 30
1 31
14 37 38 39 40 41 43 44 49 50 51 52 53 55 56
2 42 46
2 57 45
1 47
2 58 54
1 59
14 65 66 67 68 69 71 72 77 78 79 80 81 83 84
2 74 70
2 73 85
1 75
2 82 86
1 87
39
7
8
9
10
11
12
13
14
15
16
17
18
19
35
36
37
38
39
40
41
42
43
44
45
46
47
63
64
65
66
67
68
69
70
71
72
73
74
75
0
