90
1
116
0 1 0
0 2 1
0 3 2
0 4 3
1 5 1
1 6 2
1 7 3
2 5 0
3 6 0
4 8 0
5 9 0
6 10 0
7 11 0
8 11 0
9 12 0
9 13 0
10 14 0
10 15 0
11 16 0
11 17 0
12 18 0
13 19 0
14 20 0
15 21 0
16 22 0
17 23 0
18 24 4
19 25 4
20 26 4
21 27 4
22 28 4
23 29 4
24 30 0
24 31 0
25 32 0
25 33 0
26 34 0
26 35 0
27 36 0
27 37 0
28 38 0
28 39 0
29 40 0
29 41 0
30 42 0
31 43 0
32 44 0
33 45 0
34 46 0
35 47 0
36 48 0
37 49 0
38 50 0
39 51 0
40 52 0
41 53 0
42 54 0
43 55 0
44 56 0
45 57 0
46 58 0
47 59 0
48 60 0
49 61 0
50 62 0
51 63 0
52 64 0
53 65 0
54 66 5
54 67 6
55 68 5
56 69 5
56 70 6
57 71 5
58 72 5
58 73 6
59 74 5
60 75 5
60 76 6
61 77 5
62 78 5
62 79 6
63 80 5
64 81 5
64 82 6
65 83 5
66 66 5
66 84 6
67 84 5
68 68 5
69 69 5
69 85 6
70 85 5
71 71 5
72 72 5
72 86 6
73 86 5
74 74 5
75 75 5
75 87 6
76 87 5
77 77 5
78 78 5
78 88 6
79 88 5
80 80 5
81 81 5
81 89 6
82 89 5
83 83 5
84 84 5
85 85 5
86 86 5
87 87 5
88 88 5
89 89 5
23
1 0
1 1
7 2 5 9 12 13 18 19
7 3 6 10 14 15 20 21
8 4 7 8 11 16 17 22 23
14 32 33 42 43 44 45 54 55 24 25 56 57 30 31
14 34 35 36 37 58 59 46 47 48 49 26 27 60 61
14 64 65 38 39 40 41 50 51 52 53 28 29 62 63
2 66 68
2 67 70
2 69 71
2 72 74
2 73 76
2 75 77
2 80 78
2 82 79
2 81 83
1 84
1 85
1 86
1 87
1 88
1 89
39
12
14
16
18
20
22
24
26
28
30
31
34
35
38
39
42
43
46
47
50
51
54
55
58
59
62
63
66
67
68
72
73
74
78
79
80
84
86
88
0
