63
1
208
0 1 1
0 2 0
1 3 2
1 4 0
2 5 1
2 6 0
3 7 3
3 8 4
3 9 5
3 10 0
4 11 2
4 12 0
5 13 2
5 14 0
6 15 1
6 16 0
6 17 0
6 18 0
7 19 6
7 19 7
7 19 8
7 20 0
8 19 9
8 21 0
9 19 10
9 19 11
9 19 12
9 22 0
10 23 0
11 24 13
11 25 14
11 26 15
12 27 0
12 28 0
12 29 0
13 24 3
13 30 4
13 31 5
14 27 0
14 32 0
14 33 0
15 34 2
16 35 1
16 36 0
16 36 0
16 36 0
17 37 1
17 36 0
17 36 0
17 36 0
17 36 0
18 38 1
18 36 0
18 36 0
19 10 0
20 39 6
20 39 7
20 39 8
20 40 0
21 39 9
21 41 0
22 39 10
22 39 11
22 39 12
22 42 0
23 43 0
23 44 0
23 45 0
24 39 6
24 39 7
24 39 8
25 39 16
25 39 17
25 39 18
25 39 19
26 39 20
26 39 21
27 46 0
27 46 0
27 46 0
28 46 0
28 46 0
28 46 0
28 46 0
29 46 0
29 46 0
30 39 9
31 39 10
31 39 11
31 39 12
32 46 0
33 46 0
33 46 0
33 46 0
34 47 3
34 48 4
34 49 5
35 50 2
35 46 0
35 46 0
35 46 0
36 15 1
37 51 2
37 46 0
37 46 0
37 46 0
37 46 0
38 52 2
38 46 0
38 46 0
40 53 6
40 53 7
40 53 8
40 54 0
40 55 0
40 56 0
41 53 9
41 57 0
41 58 0
41 59 0
42 53 10
42 53 11
42 53 12
42 60 0
42 61 0
42 62 0
43 53 0
43 53 0
43 53 0
44 53 0
44 53 0
44 53 0
44 53 0
45 53 0
45 53 0
47 53 6
47 53 7
47 53 8
48 53 9
49 53 10
49 53 11
49 53 12
50 54 3
50 57 4
50 60 5
50 53 0
50 53 0
50 53 0
51 55 3
51 58 4
51 61 5
51 53 0
51 53 0
51 53 0
51 53 0
52 56 3
52 59 4
52 62 5
52 53 0
52 53 0
54 43 6
54 43 7
54 43 8
54 47 0
54 47 0
54 47 0
55 44 6
55 44 7
55 44 8
55 47 0
55 47 0
55 47 0
55 47 0
56 45 6
56 45 7
56 45 8
56 47 0
56 47 0
57 43 9
57 48 0
57 48 0
57 48 0
58 44 9
58 48 0
58 48 0
58 48 0
58 48 0
59 45 9
59 48 0
59 48 0
60 43 10
60 43 11
60 43 12
60 49 0
60 49 0
60 49 0
61 44 10
61 44 11
61 44 12
61 49 0
61 49 0
61 49 0
61 49 0
62 45 10
62 45 11
62 45 12
62 49 0
62 49 0
21
1 0
5 1 35 37 5 38
5 2 6 16 17 18
4 51 50 3 52
1 4
6 7 40 20 54 55 56
6 8 41 21 57 58 59
6 9 42 22 60 61 62
6 10 43 44 45 19 23
1 11
7 32 33 12 14 27 28 29
2 34 13
1 15
2 24 47
1 25
1 26
2 48 30
2 49 31
1 36
2 53 39
1 46
0
0
