953
1
2162
0 1 1
0 2 2
0 3 0
0 4 0
1 5 3
1 6 0
1 7 0
2 8 0
2 9 0
2 10 0
3 6 1
3 8 2
3 11 0
4 7 1
4 9 2
4 12 0
5 13 0
5 14 0
6 13 3
6 15 0
7 14 3
7 16 0
8 17 0
8 18 0
9 19 0
9 20 0
10 21 4
10 18 0
10 19 0
11 15 1
11 17 2
12 16 1
12 20 2
12 22 0
13 23 0
14 24 0
15 23 3
16 24 3
16 25 0
17 26 0
18 27 4
18 26 0
19 28 4
20 29 0
21 30 5
21 27 0
21 28 0
21 31 0
22 25 1
22 29 2
22 32 0
22 33 0
24 34 0
25 34 3
25 35 0
25 36 0
26 37 4
27 38 5
27 37 0
27 39 0
28 40 5
28 41 0
29 42 0
29 43 0
30 44 1
30 45 6
30 38 0
30 40 0
31 46 7
31 46 5
31 39 0
31 41 0
32 35 1
32 42 2
32 47 0
32 48 0
33 36 1
33 43 2
33 49 0
33 49 0
34 50 0
34 51 0
35 50 3
35 52 0
35 53 0
36 51 3
36 54 0
36 54 0
37 55 5
37 56 0
38 57 1
38 58 6
38 55 0
39 59 7
39 59 5
39 56 0
40 60 1
40 61 6
41 62 7
41 62 5
41 63 0
42 64 0
42 65 0
43 66 0
43 66 0
43 67 0
44 57 0
44 60 0
45 58 0
45 61 0
46 68 1
46 69 6
46 59 0
46 62 0
47 52 1
47 64 2
48 53 1
48 65 2
49 54 1
49 66 2
49 70 0
49 71 0
50 72 0
50 73 0
51 74 0
51 74 0
52 72 3
53 73 3
54 74 3
54 75 0
54 76 0
55 77 1
55 78 6
56 79 7
56 79 5
57 77 0
58 78 0
59 80 1
59 81 6
59 79 0
62 82 1
62 83 6
62 84 0
63 84 7
63 84 5
63 85 0
66 86 0
66 87 0
66 88 0
67 89 4
67 88 0
67 88 0
68 80 0
68 82 0
69 81 0
69 83 0
70 75 1
70 86 2
71 76 1
71 87 2
74 90 0
74 91 0
75 90 3
76 91 3
79 92 1
79 93 6
80 92 0
81 93 0
82 94 0
83 95 0
84 94 1
84 96 8
84 95 6
84 97 0
85 97 7
85 97 5
85 98 0
85 99 0
86 100 0
87 101 0
88 102 4
88 100 0
88 103 0
88 101 0
89 104 5
89 102 0
89 102 0
89 99 0
94 105 0
95 106 0
96 107 0
97 105 1
97 107 8
97 106 6
97 108 0
97 109 0
98 108 7
98 108 5
98 110 0
98 111 0
98 112 0
99 109 7
99 109 5
99 113 0
99 113 0
100 114 4
101 115 4
102 116 5
102 114 0
102 117 0
102 115 0
102 113 0
103 117 4
104 118 1
104 119 8
104 120 6
104 116 0
104 116 0
105 121 0
105 122 0
106 123 0
106 124 0
107 125 0
107 126 0
108 121 1
108 125 8
108 123 6
108 127 0
108 128 0
108 129 0
109 122 1
109 126 8
109 124 6
109 130 0
109 130 0
110 127 7
110 127 5
111 128 7
111 128 5
111 131 0
111 131 0
112 129 7
112 129 5
113 130 7
113 130 5
113 132 0
113 133 0
113 134 0
114 135 5
114 132 0
115 136 5
115 134 0
116 137 1
116 138 8
116 139 6
116 135 0
116 140 0
116 136 0
117 140 5
117 133 0
118 137 0
118 137 0
119 141 9
119 141 10
119 138 0
119 138 0
120 139 0
120 139 0
121 142 0
121 143 0
121 144 0
122 145 0
122 145 0
123 146 0
123 147 0
123 148 0
124 149 0
124 149 0
124 150 0
125 151 0
125 152 0
125 153 0
126 154 0
126 154 0
126 155 0
127 142 1
127 151 8
127 146 6
128 143 1
128 152 8
128 147 6
128 156 0
128 156 0
129 144 1
129 153 8
129 148 6
130 145 1
130 154 8
130 149 6
130 157 0
130 158 0
130 159 0
131 156 7
131 156 5
132 157 7
132 157 5
133 158 7
133 158 5
133 160 0
134 159 7
134 159 5
134 161 0
135 162 1
135 163 8
135 164 6
136 165 1
136 166 8
136 167 6
137 162 0
137 168 0
137 165 0
138 169 9
138 169 10
138 163 0
138 170 0
138 166 0
139 164 0
139 171 0
139 167 0
140 168 1
140 170 8
140 171 6
141 169 0
141 169 0
143 172 0
143 172 0
145 173 0
145 174 0
145 175 0
147 176 0
147 176 0
149 177 0
149 178 0
149 179 0
149 180 0
150 180 0
150 180 0
152 181 0
152 181 0
154 182 0
154 183 0
154 184 0
154 185 0
155 186 9
155 186 10
155 185 0
155 185 0
156 172 1
156 181 8
156 176 6
157 173 1
157 182 8
157 177 6
158 174 1
158 183 8
158 178 6
158 187 0
159 175 1
159 184 8
159 179 6
159 188 0
160 187 7
160 187 5
160 189 0
160 189 0
161 188 7
161 188 5
163 190 9
163 190 10
166 191 9
166 191 10
169 190 0
169 192 0
169 191 0
170 192 9
170 192 10
174 193 0
175 194 0
177 195 0
178 196 0
178 197 0
179 198 0
179 199 0
180 195 0
180 196 0
180 198 0
182 200 0
183 201 0
183 202 0
184 203 0
184 204 0
185 205 9
185 205 10
185 200 0
185 201 0
185 203 0
186 205 0
186 205 0
186 206 0
187 193 1
187 202 8
187 197 6
187 207 0
187 207 0
188 194 1
188 204 8
188 199 6
189 207 7
189 207 5
189 208 0
193 209 0
193 209 0
197 210 0
197 210 0
200 211 9
200 211 10
201 212 9
201 212 10
202 213 0
202 213 0
203 214 9
203 214 10
205 211 0
205 212 0
205 214 0
205 215 0
206 216 11
206 216 12
206 215 0
206 215 0
206 217 0
207 209 1
207 213 8
207 210 6
207 218 0
208 218 7
208 218 5
208 219 0
208 219 0
208 220 0
209 221 0
210 222 0
211 223 0
212 224 0
213 225 0
214 226 0
215 227 11
215 227 12
215 223 0
215 224 0
215 226 0
216 228 1
216 227 0
216 227 0
216 229 0
217 229 11
217 229 12
217 230 0
217 231 0
218 221 1
218 225 8
218 222 6
218 232 0
218 232 0
219 232 7
219 232 5
219 233 0
219 234 0
220 235 5
220 234 0
220 234 0
220 236 0
221 237 0
221 237 0
222 238 0
222 238 0
222 239 0
223 240 11
223 240 12
224 241 11
224 241 12
224 242 0
225 243 0
225 243 0
225 244 0
226 245 11
226 245 12
226 246 0
227 247 1
227 240 0
227 241 0
227 245 0
228 247 0
228 247 0
228 248 0
229 248 1
229 249 0
229 250 0
230 249 11
230 249 12
230 251 0
230 252 0
230 253 0
231 250 11
231 250 12
231 254 0
231 254 0
231 186 0
232 237 1
232 243 8
232 238 6
232 255 0
233 255 7
233 255 5
233 256 0
234 257 5
234 256 0
234 258 0
235 259 1
235 260 8
235 261 6
235 257 0
235 257 0
236 262 7
236 262 5
236 258 0
236 258 0
236 189 0
237 263 0
238 264 0
238 265 0
239 265 0
239 265 0
240 266 1
241 267 1
241 268 0
242 268 11
242 268 12
242 269 0
242 269 0
243 270 0
243 271 0
244 272 9
244 272 10
244 271 0
244 271 0
245 273 1
245 274 0
246 274 11
246 274 12
247 266 0
247 267 0
247 273 0
248 275 0
248 276 0
249 275 1
249 277 0
249 278 0
249 279 0
250 276 1
250 280 0
250 280 0
251 277 11
251 277 12
252 278 11
252 278 12
252 281 0
252 281 0
253 279 11
253 279 12
254 280 11
254 280 12
254 282 0
254 283 0
254 284 0
254 205 0
255 263 1
255 270 8
255 264 6
256 285 5
256 286 0
257 287 1
257 288 8
257 289 6
257 285 0
258 290 7
258 290 5
258 286 0
259 287 0
259 287 0
260 291 9
260 291 10
260 288 0
260 288 0
261 289 0
261 289 0
262 292 1
262 293 8
262 294 6
262 290 0
262 290 0
262 207 0
264 295 0
265 295 0
265 296 0
267 297 0
268 297 1
268 298 2
268 299 0
268 299 0
269 299 11
269 299 12
269 300 0
270 301 0
271 302 9
271 302 10
271 301 0
271 303 0
272 302 0
272 302 0
272 300 0
273 304 0
274 304 1
274 305 2
275 306 0
275 307 0
275 308 0
276 309 0
276 309 0
277 306 1
278 307 1
278 310 0
278 310 0
279 308 1
280 309 1
280 311 0
280 312 0
280 313 0
281 310 11
281 310 12
282 311 11
282 311 12
282 211 0
283 312 11
283 312 12
283 212 0
283 314 0
284 313 11
284 313 12
284 214 0
284 315 0
285 316 1
285 317 8
285 318 6
286 319 7
286 319 5
287 316 0
288 320 9
288 320 10
288 317 0
289 318 0
290 321 1
290 322 8
290 323 6
290 319 0
291 320 0
291 320 0
292 321 0
292 321 0
292 209 0
293 322 0
293 322 0
293 324 0
293 213 0
294 323 0
294 323 0
294 325 0
294 210 0
297 326 0
297 326 0
298 327 0
298 327 0
299 326 1
299 327 2
299 328 0
300 328 11
300 328 12
300 329 0
300 329 0
301 330 9
301 330 10
302 330 0
302 331 0
302 329 0
303 331 9
303 331 10
307 332 0
307 332 0
309 333 0
309 334 0
309 335 0
310 332 1
311 333 1
312 334 1
312 336 0
313 335 1
313 337 0
314 336 11
314 336 12
314 338 0
314 338 0
315 337 11
315 337 12
317 339 9
317 339 10
319 340 1
319 341 8
319 342 6
320 339 0
321 340 0
322 341 0
322 343 0
323 342 0
323 344 0
324 345 9
324 345 10
324 343 0
324 343 0
325 344 0
325 344 0
326 346 0
327 347 0
328 346 1
328 347 2
328 348 0
328 348 0
329 348 11
329 348 12
329 349 0
329 350 0
330 349 0
331 350 0
334 351 0
335 352 0
336 351 1
336 353 2
336 354 0
336 354 0
337 352 1
337 355 2
338 354 11
338 354 12
338 356 0
341 357 0
342 358 0
343 359 9
343 359 10
343 357 0
343 360 0
344 358 0
344 361 0
345 359 0
345 359 0
345 362 0
346 363 0
346 363 0
347 364 0
347 364 0
347 365 0
348 363 1
348 364 2
348 366 0
348 367 0
349 366 11
349 366 12
350 367 11
350 367 12
350 368 0
351 369 0
351 369 0
353 370 0
353 370 0
354 369 1
354 370 2
354 371 0
356 371 11
356 371 12
356 372 0
356 372 0
356 272 0
357 373 9
357 373 10
359 373 0
359 374 0
359 375 0
360 374 9
360 374 10
362 376 11
362 376 12
362 375 0
362 375 0
362 269 0
363 377 0
363 378 0
364 379 0
364 380 0
364 381 0
365 382 4
365 381 0
365 381 0
366 377 1
366 379 2
367 378 1
367 380 2
367 383 0
368 383 11
368 383 12
368 384 0
369 385 0
370 386 0
371 385 1
371 386 2
371 387 0
371 387 0
372 387 11
372 387 12
372 388 0
372 302 0
373 389 0
374 390 0
375 391 11
375 391 12
375 389 0
375 390 0
376 392 1
376 391 0
376 391 0
376 299 0
378 393 0
379 394 0
380 395 0
380 396 0
381 397 4
381 394 0
381 395 0
382 398 5
382 397 0
382 397 0
382 399 0
383 393 1
383 396 2
383 400 0
384 400 11
384 400 12
384 401 0
384 402 0
385 403 0
385 403 0
386 404 0
386 404 0
386 405 0
387 403 1
387 404 2
387 406 0
388 406 11
388 406 12
388 330 0
389 407 11
389 407 12
390 408 11
390 408 12
390 409 0
391 410 1
391 407 0
391 408 0
392 410 0
392 410 0
392 326 0
393 411 0
394 412 4
395 413 4
396 414 0
397 415 5
397 412 0
397 413 0
397 416 0
398 417 6
398 415 0
398 415 0
399 418 7
399 418 5
399 416 0
399 416 0
399 419 0
400 411 1
400 414 2
400 420 0
400 421 0
401 420 11
401 420 12
401 422 0
402 421 11
402 421 12
402 423 0
402 423 0
402 424 0
403 425 0
404 426 0
404 427 0
405 428 4
405 427 0
405 427 0
406 425 1
406 426 2
407 429 1
408 430 1
408 431 0
409 431 11
409 431 12
409 432 0
410 429 0
410 430 0
411 433 0
411 434 0
412 435 5
412 436 0
413 437 5
413 438 0
414 439 0
414 440 0
415 441 6
415 435 0
415 437 0
416 442 7
416 442 5
416 436 0
416 438 0
417 441 0
417 441 0
418 443 6
418 442 0
418 442 0
418 444 0
419 444 7
419 444 5
419 445 0
420 433 1
420 439 2
420 446 0
421 434 1
421 440 2
421 447 0
421 447 0
422 446 11
422 446 12
423 447 11
423 447 12
423 448 0
423 449 0
424 449 0
424 449 0
424 450 0
426 451 0
427 452 4
427 451 0
428 453 5
428 452 0
428 452 0
428 454 0
430 455 0
431 455 1
431 456 0
432 456 11
432 456 12
432 457 0
432 458 0
433 459 0
434 460 0
434 460 0
435 461 6
436 462 7
436 462 5
437 463 6
438 464 7
438 464 5
438 465 0
439 466 0
440 467 0
440 467 0
440 468 0
441 461 0
441 463 0
442 469 6
442 462 0
442 464 0
443 469 0
443 469 0
443 470 0
444 470 6
444 471 0
445 471 7
445 471 5
445 472 0
445 472 0
445 382 0
446 459 1
446 466 2
447 460 1
447 467 2
447 473 0
448 473 11
448 473 12
448 474 0
449 474 0
449 475 0
450 476 11
450 476 12
450 475 0
450 475 0
450 384 0
451 477 4
452 478 5
452 477 0
452 479 0
453 480 8
453 481 6
453 478 0
453 478 0
454 482 7
454 482 5
454 479 0
454 479 0
454 483 0
455 484 0
456 484 1
456 485 0
456 486 0
457 485 11
457 485 12
457 487 0
457 488 0
458 486 11
458 486 12
458 489 0
458 489 0
458 490 0
460 491 0
462 492 6
464 493 6
464 494 0
465 494 7
465 494 5
465 495 0
467 496 0
467 497 0
468 498 4
468 497 0
468 497 0
469 492 0
469 493 0
470 499 0
471 499 6
471 500 0
471 500 0
472 500 7
472 500 5
472 501 0
472 502 0
472 397 0
473 491 1
473 496 2
474 503 0
475 504 11
475 504 12
475 503 0
476 505 1
476 506 2
476 504 0
476 504 0
476 400 0
477 507 5
477 508 0
478 509 8
478 510 6
478 507 0
479 511 7
479 511 5
479 508 0
480 512 9
480 512 10
480 509 0
480 509 0
481 510 0
481 510 0
482 513 8
482 514 6
482 511 0
482 511 0
482 515 0
483 515 7
483 515 5
483 516 0
484 517 0
484 518 0
485 517 1
485 519 0
485 520 0
486 518 1
486 521 0
486 521 0
487 519 11
487 519 12
487 522 0
487 522 0
488 520 11
488 520 12
489 521 11
489 521 12
489 523 0
489 524 0
489 525 0
490 525 0
490 525 0
490 526 0
493 527 0
494 528 8
494 527 6
494 529 0
495 529 7
495 529 5
495 530 0
495 531 0
496 532 0
497 533 4
497 534 0
497 532 0
498 535 5
498 533 0
498 533 0
498 531 0
499 536 0
499 536 0
500 536 6
500 537 0
500 538 0
501 537 7
501 537 5
501 412 0
502 538 7
502 538 5
502 413 0
502 539 0
503 540 11
503 540 12
504 541 1
504 542 2
504 540 0
505 541 0
505 541 0
505 411 0
506 542 0
506 542 0
506 543 0
506 414 0
507 544 8
507 545 6
508 546 7
508 546 5
509 547 9
509 547 10
509 544 0
510 545 0
511 548 8
511 549 6
511 546 0
512 547 0
512 547 0
513 548 0
513 548 0
513 550 0
513 551 0
514 549 0
514 549 0
514 552 0
514 553 0
515 551 8
515 553 6
515 554 0
516 554 7
516 554 5
516 555 0
516 555 0
516 428 0
517 556 0
517 557 0
518 558 0
518 558 0
519 556 1
519 559 0
519 559 0
520 557 1
521 558 1
521 560 0
521 561 0
522 559 11
522 559 12
523 560 11
523 560 12
523 562 0
523 563 0
524 561 11
524 561 12
524 564 0
524 565 0
525 562 0
525 564 0
525 566 0
526 567 11
526 567 12
526 566 0
526 566 0
526 432 0
527 568 0
528 569 0
529 569 8
529 568 6
529 570 0
529 571 0
530 570 7
530 570 5
530 572 0
530 573 0
531 571 7
531 571 5
531 574 0
531 574 0
532 575 4
533 576 5
533 577 0
533 575 0
533 574 0
534 577 4
535 578 8
535 579 6
535 576 0
535 576 0
536 580 0
536 581 0
537 580 6
538 581 6
538 582 0
539 582 7
539 582 5
539 583 0
540 584 1
540 585 2
541 584 0
542 585 0
542 586 0
543 587 4
543 586 0
543 586 0
544 588 9
544 588 10
546 589 8
546 590 6
547 588 0
548 589 0
548 591 0
549 590 0
549 592 0
550 593 9
550 593 10
550 591 0
550 591 0
551 594 0
552 592 0
552 592 0
553 595 0
554 594 8
554 595 6
554 596 0
554 596 0
555 596 7
555 596 5
555 597 0
555 452 0
556 598 0
556 598 0
558 599 0
558 600 0
559 598 1
560 599 1
560 601 0
561 600 1
561 602 0
562 603 0
563 601 11
563 601 12
563 604 0
563 604 0
564 605 0
565 602 11
565 602 12
566 606 11
566 606 12
566 603 0
566 605 0
567 607 1
567 606 0
567 606 0
567 456 0
568 608 0
568 609 0
569 610 0
569 611 0
570 610 8
570 608 6
570 612 0
570 613 0
571 611 8
571 609 6
571 614 0
571 614 0
572 612 7
572 612 5
572 615 0
572 615 0
573 613 7
573 613 5
574 614 7
574 614 5
574 616 0
574 617 0
575 618 5
575 617 0
576 619 8
576 620 6
576 621 0
576 618 0
577 621 5
577 616 0
578 622 9
578 622 10
578 619 0
578 619 0
579 620 0
579 620 0
581 623 0
582 624 8
582 623 6
582 625 0
583 625 7
583 625 5
583 626 0
583 627 0
585 628 0
586 629 4
586 630 0
586 628 0
587 631 5
587 629 0
587 629 0
587 632 0
589 633 0
590 634 0
591 635 9
591 635 10
591 633 0
591 636 0
592 634 0
592 637 0
593 635 0
593 635 0
593 638 0
594 639 0
594 639 0
594 640 0
595 641 0
595 641 0
595 642 0
596 639 8
596 641 6
596 643 0
597 643 7
597 643 5
597 477 0
599 644 0
600 645 0
601 644 1
601 646 2
601 647 0
601 647 0
602 645 1
602 648 2
603 649 11
603 649 12
603 650 0
604 647 11
604 647 12
604 651 0
605 652 11
605 652 12
605 653 0
606 654 1
606 649 0
606 652 0
607 654 0
607 654 0
607 484 0
608 655 0
608 656 0
609 657 0
609 657 0
609 658 0
610 659 0
610 660 0
611 661 0
611 661 0
611 662 0
612 659 8
612 655 6
612 663 0
612 663 0
613 660 8
613 656 6
614 661 8
614 657 6
614 664 0
614 665 0
615 663 7
615 663 5
616 664 7
616 664 5
616 666 0
617 665 7
617 665 5
617 667 0
618 668 8
618 669 6
619 670 9
619 670 10
619 671 0
619 668 0
620 672 0
620 669 0
621 671 8
621 672 6
622 670 0
622 670 0
623 673 0
624 674 0
625 674 8
625 673 6
625 675 0
625 676 0
626 675 7
626 675 5
626 677 0
627 676 7
627 676 5
627 678 0
627 678 0
627 498 0
628 679 4
629 680 5
629 681 0
629 679 0
629 682 0
630 681 4
631 683 6
631 680 0
631 680 0
632 684 7
632 684 5
632 682 0
632 682 0
632 495 0
633 685 9
633 685 10
635 685 0
635 686 0
635 687 0
636 686 9
636 686 10
638 688 11
638 688 12
638 687 0
638 687 0
638 689 0
639 690 0
639 691 0
640 692 9
640 692 10
640 691 0
640 691 0
641 693 0
641 694 0
642 694 0
642 694 0
643 690 8
643 693 6
644 695 0
644 695 0
646 696 0
646 696 0
647 695 1
647 696 2
647 697 0
649 698 1
649 699 0
650 699 11
650 699 12
650 700 0
650 700 0
651 697 11
651 697 12
651 701 0
651 701 0
651 702 0
652 703 1
652 704 0
653 704 11
653 704 12
654 698 0
654 703 0
655 705 0
655 705 0
657 706 0
657 707 0
657 708 0
658 708 0
658 708 0
659 709 0
659 709 0
661 710 0
661 711 0
661 712 0
662 713 9
662 713 10
662 712 0
662 712 0
663 709 8
663 705 6
664 710 8
664 706 6
664 714 0
665 711 8
665 707 6
665 715 0
666 714 7
666 714 5
666 716 0
666 716 0
667 715 7
667 715 5
668 717 9
668 717 10
670 718 0
670 717 0
671 718 9
671 718 10
673 719 0
673 720 0
674 721 0
674 722 0
675 721 8
675 719 6
675 723 0
676 722 8
676 720 6
676 724 0
676 724 0
677 723 7
677 723 5
678 724 7
678 724 5
678 725 0
678 533 0
679 726 5
679 727 0
680 728 6
680 729 0
680 726 0
681 729 5
681 730 0
682 731 7
682 731 5
682 730 0
682 727 0
683 728 0
683 728 0
684 732 6
684 731 0
684 731 0
684 529 0
685 733 0
686 734 0
687 735 11
687 735 12
687 733 0
687 734 0
688 735 0
688 735 0
688 736 0
689 736 11
689 736 12
689 737 0
690 738 0
691 739 9
691 739 10
691 738 0
691 740 0
692 739 0
692 739 0
692 737 0
693 741 0
694 741 0
694 742 0
695 743 0
696 744 0
697 743 1
697 744 2
697 745 0
697 745 0
698 746 0
699 746 1
699 747 2
699 748 0
699 748 0
700 748 11
700 748 12
700 749 0
701 745 11
701 745 12
701 750 0
702 750 0
702 750 0
702 749 0
703 751 0
704 751 1
704 752 2
706 753 0
706 754 0
707 755 0
707 756 0
708 753 0
708 755 0
710 757 0
710 758 0
711 759 0
711 760 0
712 761 9
712 761 10
712 757 0
712 759 0
713 761 0
713 761 0
713 762 0
714 758 8
714 754 6
714 763 0
714 763 0
715 760 8
715 756 6
716 763 7
716 763 5
716 764 0
719 765 0
720 766 0
720 766 0
720 767 0
721 768 0
722 769 0
722 769 0
722 770 0
723 768 8
723 765 6
724 769 8
724 766 6
724 771 0
725 771 7
725 771 5
725 575 0
726 772 6
727 773 7
727 773 5
727 774 0
728 775 0
728 772 0
729 775 6
730 776 7
730 776 5
730 777 0
731 778 6
731 776 0
731 773 0
732 778 0
732 778 0
732 568 0
733 779 11
733 779 12
734 780 11
734 780 12
734 781 0
735 779 0
735 780 0
736 782 0
737 782 11
737 782 12
737 783 0
737 783 0
738 784 9
738 784 10
739 784 0
739 785 0
739 783 0
740 785 9
740 785 10
743 786 0
743 786 0
744 787 0
744 787 0
744 788 0
745 786 1
745 787 2
746 789 0
746 789 0
747 790 0
747 790 0
748 789 1
748 790 2
748 791 0
749 791 11
749 791 12
749 792 0
749 792 0
750 792 0
754 793 0
754 793 0
757 794 9
757 794 10
758 795 0
758 795 0
759 796 9
759 796 10
761 794 0
761 796 0
761 797 0
762 798 11
762 798 12
762 797 0
762 797 0
762 799 0
763 795 8
763 793 6
763 800 0
764 800 7
764 800 5
764 801 0
764 801 0
764 802 0
766 803 0
766 804 0
767 804 0
767 804 0
769 805 0
769 806 0
770 807 9
770 807 10
770 806 0
770 806 0
771 805 8
771 803 6
773 808 6
773 809 0
774 809 7
774 809 5
776 810 6
776 811 0
777 811 7
777 811 5
777 812 0
777 812 0
778 810 0
778 808 0
780 813 0
781 813 11
781 813 12
781 799 0
782 814 0
782 814 0
783 814 11
783 814 12
783 815 0
783 816 0
784 815 0
785 816 0
787 817 0
788 802 4
788 817 0
788 817 0
789 818 0
790 819 0
791 818 1
791 819 2
791 820 0
791 820 0
792 820 11
792 820 12
793 821 0
794 822 0
795 823 0
796 824 0
797 825 11
797 825 12
797 822 0
797 824 0
798 825 0
798 825 0
798 826 0
799 826 11
799 826 12
799 827 0
799 828 0
800 823 8
800 821 6
800 829 0
800 829 0
801 829 7
801 829 5
801 830 0
802 831 5
802 830 0
802 830 0
802 832 0
803 833 0
804 833 0
805 834 0
806 835 9
806 835 10
806 834 0
807 835 0
807 835 0
807 836 0
808 837 0
809 837 6
810 838 0
811 838 6
811 839 0
811 839 0
812 839 7
812 839 5
812 840 0
813 826 0
814 841 0
814 842 0
815 841 11
815 841 12
816 842 11
816 842 12
816 843 0
817 830 4
818 844 0
818 844 0
819 845 0
819 845 0
819 846 0
820 844 1
820 845 2
821 847 0
821 847 0
821 848 0
822 849 11
822 849 12
822 850 0
823 851 0
823 851 0
823 852 0
824 853 11
824 853 12
824 854 0
825 849 0
825 853 0
826 855 0
826 856 0
827 855 11
827 855 12
827 857 0
827 858 0
828 856 11
828 856 12
828 859 0
828 859 0
828 713 0
829 851 8
829 847 6
830 860 5
830 861 0
831 862 8
831 863 6
831 860 0
831 860 0
832 864 7
832 864 5
832 861 0
832 861 0
832 716 0
834 865 9
834 865 10
835 865 0
835 866 0
836 867 11
836 867 12
836 866 0
836 866 0
836 868 0
838 869 0
838 869 0
839 869 6
839 870 0
840 870 7
840 870 5
840 871 0
840 871 0
840 872 0
842 873 0
843 873 11
843 873 12
843 868 0
845 874 0
846 872 4
846 874 0
846 874 0
847 875 0
848 875 0
848 875 0
849 876 0
850 876 11
850 876 12
850 877 0
850 877 0
851 878 0
852 879 9
852 879 10
852 878 0
852 878 0
853 880 0
854 880 11
854 880 12
855 881 0
855 882 0
856 883 0
856 883 0
857 881 11
857 881 12
857 884 0
857 884 0
858 882 11
858 882 12
859 883 11
859 883 12
859 885 0
859 886 0
859 761 0
860 887 8
860 888 6
861 889 7
861 889 5
862 890 9
862 890 10
862 887 0
862 887 0
863 888 0
863 888 0
864 891 8
864 892 6
864 889 0
864 889 0
864 763 0
865 893 0
866 894 11
866 894 12
866 893 0
867 894 0
867 894 0
867 895 0
868 895 11
868 895 12
868 896 0
868 897 0
869 898 0
870 898 6
870 899 0
870 899 0
871 899 7
871 899 5
871 900 0
872 901 5
872 900 0
872 900 0
872 902 0
873 895 0
874 900 4
876 903 0
876 903 0
877 903 11
877 903 12
877 904 0
878 905 9
878 905 10
879 905 0
879 905 0
879 904 0
881 906 0
881 906 0
883 907 0
883 908 0
884 906 11
884 906 12
885 907 11
885 907 12
885 794 0
885 909 0
886 908 11
886 908 12
886 796 0
886 910 0
887 911 9
887 911 10
889 912 8
889 913 6
890 911 0
890 911 0
891 912 0
891 912 0
891 914 0
891 795 0
892 913 0
892 913 0
892 915 0
892 793 0
893 916 11
893 916 12
894 916 0
895 917 0
895 918 0
896 917 11
896 917 12
896 919 0
897 918 11
897 918 12
897 920 0
897 920 0
897 807 0
898 921 0
898 921 0
899 921 6
900 922 5
900 923 0
901 924 6
901 922 0
901 922 0
902 925 7
902 925 5
902 923 0
902 923 0
902 812 0
903 926 0
904 926 11
904 926 12
904 927 0
904 927 0
905 927 0
907 928 0
908 929 0
909 928 11
909 928 12
909 930 0
909 930 0
910 929 11
910 929 12
912 931 0
913 932 0
914 933 9
914 933 10
914 931 0
914 931 0
915 932 0
915 932 0
917 934 0
918 935 0
918 935 0
919 934 11
919 934 12
920 935 11
920 935 12
920 936 0
920 835 0
922 937 6
923 938 7
923 938 5
924 937 0
924 937 0
925 939 6
925 938 0
925 938 0
925 839 0
926 940 0
926 940 0
927 940 11
927 940 12
928 941 0
928 941 0
930 941 11
930 941 12
930 942 0
931 943 9
931 943 10
933 943 0
933 943 0
933 944 0
935 945 0
936 945 11
936 945 12
936 865 0
938 946 6
939 946 0
939 946 0
939 869 0
941 947 0
942 947 11
942 947 12
942 948 0
942 948 0
942 879 0
943 949 0
944 950 11
944 950 12
944 949 0
944 949 0
944 877 0
947 951 0
947 951 0
948 951 11
948 951 12
948 905 0
949 952 11
949 952 12
950 952 0
950 952 0
950 903 0
34
1 0
8 1 35 36 6 7 16 54 25
39 2 386 646 8 9 396 17 787 20 404 790 29 414 542 42 43 298 426 819 439 440 696 66 327 585 845 467 86 87 347 353 744 747 364 496 370 506 379 380
29 3 4 387 647 12 268 400 22 791 32 33 420 421 299 49 697 699 447 328 336 601 348 476 354 748 367 371 504 383
112 5 517 518 13 14 24 541 34 44 556 558 50 51 57 68 74 80 82 599 600 94 607 105 118 121 122 644 137 654 143 145 174 175 688 695 698 703 193 209 221 735 736 228 743 746 237 247 248 259 267 780 782 273 275 276 789 798 287 292 297 813 814 818 307 309 825 826 321 326 842 334 335 849 853 855 856 346 351 867 873 363 876 369 881 883 378 894 895 385 903 392 393 907 908 403 917 918 410 411 926 928 935 941 430 433 434 947 950 455 460 484 505
14 67 10 427 586 365 846 497 18 468 405 788 88 381 543
16 704 70 71 745 11 366 47 48 337 274 820 406 473 602 540 446
5 75 76 15 52 53
14 451 100 101 103 394 395 874 817 19 532 628 534 630 26
31 256 900 397 21 533 27 412 28 413 802 37 679 681 428 830 575 577 452 587 89 220 477 102 872 234 114 115 498 117 629 382
50 645 263 266 779 906 142 144 786 916 23 929 162 165 934 168 425 172 173 429 557 304 940 306 945 308 951 952 60 316 194 72 73 584 459 332 77 333 841 844 340 598 90 91 92 352 491 751 880 882 377
5 38 46 62 59 30
60 258 516 133 134 902 777 399 530 531 666 539 31 160 416 801 419 678 39 41 682 555 812 438 572 189 445 63 574 832 454 583 840 716 208 465 85 597 725 472 727 730 219 479 98 99 483 871 616 233 617 236 111 495 113 626 627 501 502 632 764
3 40 79 55
94 514 527 536 549 552 553 45 568 58 579 69 581 590 592 81 83 595 95 608 609 106 620 623 120 123 124 641 642 139 655 657 658 147 149 150 673 683 177 178 179 180 693 694 706 707 708 197 719 720 210 728 732 222 238 239 754 766 767 261 264 265 778 793 289 803 804 294 808 810 821 323 325 838 847 848 342 344 863 869 892 898 913 915 924 417 939 441 443 469 470 481 493 499 510
16 161 131 132 677 774 615 923 861 110 112 436 56 667 508 573 286
45 772 775 765 656 146 148 921 669 672 545 164 932 167 295 296 937 171 176 946 61 318 705 833 195 196 580 198 199 837 461 78 463 93 741 358 742 361 875 492 753 755 756 888 634 637
7 64 65 355 648 752 305 466
18 128 97 130 257 290 262 104 232 235 108 109 207 84 116 218 187 158 159
44 513 769 270 528 912 659 661 152 154 795 674 548 293 805 551 690 182 183 184 569 823 322 710 711 202 589 721 594 722 851 213 341 96 225 610 611 107 624 243 758 891 125 126 639
25 640 770 260 138 271 914 662 155 288 550 806 691 185 578 324 712 591 852 343 862 480 619 244 119 509
11 129 255 319 135 136 140 188 285 156 157 127
50 512 905 141 525 272 784 785 794 796 670 291 547 933 807 424 169 685 302 686 943 562 564 692 186 702 320 449 835 713 330 331 205 593 211 212 214 345 474 865 739 359 490 622 750 879 373 374 761 890 635
8 768 709 204 660 181 151 760 153
24 668 671 544 163 931 166 170 301 303 317 834 200 201 203 738 740 357 360 878 887 757 759 633 636
8 192 588 717 718 911 339 190 191
87 523 524 526 563 566 603 604 605 638 650 651 687 689 700 701 206 215 217 734 224 737 226 230 231 749 242 762 252 254 269 781 783 282 283 284 797 799 300 816 822 824 314 827 828 836 329 843 338 850 857 859 350 866 356 868 362 877 368 372 885 886 375 384 896 897 388 390 904 909 401 402 920 409 930 423 936 942 432 944 948 448 450 457 458 475 487 489
26 391 519 521 649 652 278 280 408 431 560 561 567 312 313 456 216 606 227 229 485 486 241 245 376 249 250
25 389 522 653 893 910 919 792 281 927 422 815 565 949 315 854 858 733 349 223 488 884 246 503 251 253
8 407 520 559 240 277 310 311 279
20 773 901 776 398 538 925 415 418 680 811 684 442 444 839 464 471 731 870 500 631
10 899 809 938 462 435 729 437 726 537 922
27 515 529 535 664 665 800 675 676 554 570 571 831 576 453 582 714 596 724 478 864 482 612 614 494 625 763 511
13 546 643 771 613 618 715 621 723 663 889 507 860 829
0
0
