1356
1
2827
0 1 1
0 2 2
0 3 0
0 4 0
0 5 1
0 6 1
0 7 2
0 8 2
1 9 3
1 5 0
1 6 0
1 10 3
1 11 3
2 12 0
2 7 0
2 8 0
3 5 1
3 7 2
3 13 0
3 14 1
3 15 2
4 6 1
4 8 2
4 16 0
4 17 1
4 18 2
5 10 3
5 14 0
5 19 3
6 11 3
6 17 0
6 20 3
7 21 0
7 15 0
8 22 0
8 18 0
9 10 0
9 11 0
10 19 0
11 20 0
12 23 4
13 14 1
13 15 2
13 24 0
13 25 0
13 26 1
13 27 1
13 28 2
13 29 2
14 19 3
14 26 0
14 27 0
14 30 3
14 31 3
15 32 0
15 28 0
15 29 0
16 17 1
16 18 2
16 25 0
16 27 1
16 29 2
17 20 3
17 27 0
17 31 3
18 33 0
18 29 0
19 30 0
19 31 0
20 31 0
21 34 4
22 35 4
23 36 0
24 26 1
24 28 2
24 37 0
24 38 1
24 39 2
25 27 1
25 29 2
26 30 3
26 40 5
26 38 0
26 41 3
26 42 5
27 31 3
28 43 0
28 39 0
29 44 0
30 41 0
32 45 4
33 46 4
34 47 0
35 48 0
36 49 6
36 47 0
36 48 0
36 50 6
36 51 6
37 38 1
37 39 2
38 41 3
38 42 5
39 52 0
40 53 0
40 42 0
42 54 0
43 55 4
44 56 4
45 57 0
46 58 0
47 50 6
47 59 0
47 57 0
47 60 6
47 61 6
48 51 6
48 58 0
48 62 6
49 63 1
49 50 0
49 51 0
49 64 1
49 65 1
50 64 1
50 66 7
50 60 0
50 61 0
50 67 1
50 68 1
50 69 7
50 70 7
51 65 1
51 62 0
51 71 1
52 72 4
53 73 8
54 74 8
55 75 0
56 76 0
57 61 6
57 75 0
57 76 0
57 77 6
57 78 6
58 62 6
58 76 0
58 78 6
59 60 6
59 79 0
59 80 0
59 81 6
59 82 6
60 67 1
60 69 7
60 82 0
60 83 1
60 84 7
61 68 1
61 70 7
61 77 0
61 78 0
61 85 1
61 86 1
61 87 7
61 88 7
62 71 1
62 78 0
62 86 1
63 89 3
63 90 9
63 64 0
63 65 0
63 91 3
63 92 3
63 93 9
63 94 9
64 91 3
64 93 9
64 67 0
64 68 0
64 95 3
64 96 3
64 97 9
64 98 9
65 92 3
65 94 9
65 71 0
65 99 3
65 100 9
66 101 0
66 69 0
66 70 0
67 95 3
67 97 9
67 83 0
67 102 3
67 103 9
68 96 3
68 98 9
68 85 0
68 86 0
68 104 3
68 105 3
68 106 9
68 107 9
69 108 0
69 84 0
70 109 0
70 87 0
70 88 0
71 99 3
71 100 9
71 86 0
71 105 3
71 107 9
72 110 0
73 111 0
74 112 0
75 77 6
75 110 0
75 113 6
76 78 6
76 114 0
76 115 6
77 85 1
77 87 7
77 113 0
77 116 1
77 117 7
78 86 1
78 88 7
78 115 0
78 118 1
78 119 7
79 120 0
80 82 6
80 121 0
80 114 0
80 122 6
80 115 6
81 123 1
81 124 7
82 83 1
82 84 7
82 115 0
82 118 1
82 119 7
83 102 3
83 103 9
83 118 0
83 125 3
83 126 9
84 127 0
84 119 0
85 104 3
85 106 9
85 116 0
85 128 3
85 129 9
86 105 3
86 107 9
86 118 0
86 125 3
86 126 9
87 130 0
87 117 0
88 131 0
88 119 0
89 91 0
89 92 0
90 93 0
90 132 0
90 94 0
91 133 7
91 95 0
91 96 0
91 134 7
91 135 7
92 99 0
93 97 0
93 136 0
93 98 0
94 137 0
94 100 0
95 134 7
95 102 0
95 138 7
96 135 7
96 104 0
96 105 0
96 139 7
96 140 7
97 141 0
97 103 0
98 142 0
98 106 0
98 107 0
99 105 0
100 107 0
100 143 0
101 144 10
102 138 7
102 125 0
102 145 7
103 146 0
103 126 0
104 139 7
104 128 0
104 147 7
105 140 7
105 125 0
105 145 7
106 148 0
106 129 0
107 126 0
107 149 0
108 150 10
109 151 10
110 113 6
111 83 11
111 112 0
111 118 11
112 118 11
113 116 1
113 117 7
114 115 6
114 152 0
114 153 6
115 118 1
115 119 7
116 128 3
116 129 9
117 154 0
118 125 3
118 126 9
119 155 0
120 156 6
120 157 0
120 158 6
121 157 0
122 159 1
122 160 7
123 161 3
123 162 9
124 163 10
125 145 7
126 164 0
127 165 10
128 147 7
129 166 0
130 167 10
131 168 10
132 169 12
133 170 0
133 134 0
133 135 0
134 171 0
134 138 0
135 172 0
135 139 0
135 140 0
136 173 12
137 174 12
138 175 0
138 145 0
139 176 0
139 147 0
140 177 0
140 145 0
141 178 12
142 179 12
143 180 12
144 181 0
145 182 0
146 183 12
147 184 0
148 185 12
149 186 12
150 187 0
151 188 0
152 189 0
153 190 1
153 191 7
154 192 10
155 193 10
156 194 1
156 195 7
156 158 0
156 196 1
156 197 7
157 158 6
157 189 0
157 198 6
158 196 1
158 197 7
158 198 0
158 199 1
158 200 7
159 201 3
159 202 9
160 203 10
161 204 7
164 205 12
165 206 0
166 207 12
167 208 0
168 209 0
169 210 0
170 211 10
171 212 10
172 213 10
173 214 0
174 215 0
175 216 10
176 217 10
177 218 10
178 219 0
179 220 0
180 221 0
181 222 13
181 187 0
181 188 0
181 0 13
181 223 13
182 224 10
183 225 0
184 226 10
185 227 0
186 228 0
187 0 13
187 229 0
187 206 0
187 3 13
187 4 13
188 223 13
188 208 0
188 209 0
188 230 13
188 231 13
189 198 6
190 232 3
190 233 9
191 234 10
192 235 0
193 236 0
194 237 3
194 238 9
194 196 0
194 239 3
194 240 9
195 241 0
195 197 0
196 239 3
196 240 9
196 199 0
196 242 3
196 243 9
197 244 0
197 200 0
198 199 1
198 200 7
199 242 3
199 243 9
200 245 0
201 246 7
204 247 10
205 248 0
206 4 13
206 236 0
206 16 13
207 249 0
208 230 13
208 235 0
208 250 13
209 231 13
209 236 0
209 16 13
210 251 14
210 214 0
210 215 0
210 252 14
210 253 14
211 254 0
212 255 0
213 256 0
214 252 14
214 219 0
214 220 0
214 257 14
214 258 14
215 253 14
215 259 0
215 221 0
215 260 14
215 261 14
216 262 0
217 263 0
218 264 0
219 257 14
219 225 0
219 265 14
220 258 14
220 227 0
220 228 0
220 266 14
220 267 14
221 261 14
221 228 0
221 267 14
222 268 1
222 0 0
222 223 0
222 1 1
222 260 1
223 260 1
223 230 0
223 231 0
223 269 1
223 270 1
224 271 0
225 265 14
225 272 0
225 248 0
225 14 14
225 273 14
226 274 0
227 266 14
227 275 0
227 249 0
227 276 14
227 277 14
228 267 14
228 248 0
228 273 14
229 3 13
229 278 0
229 279 0
229 280 13
229 13 13
230 269 1
230 250 0
230 281 1
231 270 1
231 16 0
231 17 1
232 282 7
235 250 13
235 283 0
235 284 13
236 16 13
236 285 0
236 25 13
237 286 7
237 239 0
237 287 7
238 288 0
238 240 0
239 287 7
239 242 0
239 289 7
240 290 0
240 243 0
241 291 10
242 289 7
243 292 0
244 293 10
245 294 10
246 295 10
248 273 14
249 277 14
250 281 1
250 284 0
250 296 1
251 297 3
251 252 0
251 253 0
251 298 3
251 299 3
252 298 3
252 257 0
252 258 0
252 300 3
252 301 3
253 299 3
253 260 0
253 261 0
253 302 3
253 303 3
254 304 13
254 255 0
254 256 0
254 9 13
254 302 13
255 9 13
255 305 0
255 262 0
255 10 13
255 11 13
256 302 13
256 263 0
256 264 0
256 306 13
256 307 13
257 300 3
257 265 0
257 308 3
258 301 3
258 266 0
258 267 0
258 309 3
258 310 3
259 260 14
259 311 0
259 312 0
259 313 0
259 314 14
259 269 14
259 270 14
260 302 3
260 269 0
260 270 0
260 306 3
260 307 3
261 303 3
261 267 0
261 310 3
262 11 13
262 271 0
262 20 13
263 306 13
263 274 0
263 315 13
264 307 13
264 271 0
264 20 13
265 308 3
265 14 0
265 273 0
265 19 3
265 316 3
266 309 3
266 317 5
266 276 0
266 277 0
266 318 3
266 319 3
266 320 5
266 321 5
267 310 3
267 273 0
267 316 3
268 304 3
268 1 0
268 260 0
268 9 3
268 302 3
269 306 3
269 322 5
269 281 0
269 315 3
269 323 5
270 307 3
270 17 0
270 20 3
271 20 13
271 324 0
271 31 13
272 14 14
272 325 0
272 326 0
272 327 0
272 328 14
272 26 14
272 27 14
273 316 3
274 315 13
274 329 0
274 330 13
275 276 14
275 331 0
275 332 0
275 333 14
275 296 14
276 318 3
276 320 5
276 296 0
276 330 3
276 334 5
277 319 3
277 321 5
278 335 0
279 13 13
279 336 0
279 337 0
279 285 0
279 338 13
279 24 13
279 25 13
280 339 1
280 340 2
281 315 3
281 323 5
281 296 0
281 330 3
281 334 5
282 341 10
283 284 13
283 342 0
283 343 0
283 344 13
283 37 13
284 296 1
284 37 0
284 38 1
285 25 13
285 345 0
285 346 13
286 347 0
286 287 0
287 348 0
287 289 0
288 349 12
289 350 0
290 351 12
291 352 0
292 353 12
293 354 0
294 355 0
296 330 3
296 334 5
296 38 0
296 41 3
296 42 5
297 298 0
297 299 0
298 300 0
298 301 0
299 302 0
299 303 0
300 308 0
301 309 0
301 310 0
302 306 0
302 307 0
303 310 0
304 9 0
304 302 0
305 10 13
305 356 0
305 357 0
305 358 13
305 19 13
306 315 0
307 20 0
308 19 0
308 316 0
309 318 0
309 319 0
310 316 0
311 359 0
312 269 14
312 360 0
312 361 0
312 362 14
312 281 14
313 270 14
313 363 0
313 364 0
313 17 14
313 365 14
314 366 3
315 330 0
317 367 0
317 320 0
317 321 0
318 330 0
320 368 0
320 334 0
321 369 0
322 370 0
322 323 0
323 334 0
323 371 0
324 31 13
324 372 0
324 373 13
325 374 0
326 26 14
326 375 0
326 376 0
326 377 14
326 38 14
327 27 14
327 378 0
327 379 14
328 380 3
329 330 13
329 381 0
329 382 0
329 383 13
329 41 13
330 41 0
331 384 0
332 296 14
332 376 0
332 385 0
332 38 14
332 386 14
333 387 3
333 388 5
334 42 0
334 389 0
335 390 13
335 391 0
335 392 13
336 391 0
337 24 13
337 393 0
337 343 0
337 394 13
337 37 13
338 395 1
338 396 2
339 358 3
340 397 4
342 398 0
343 37 13
343 399 0
343 400 13
344 401 1
345 402 0
346 403 1
346 404 2
347 405 10
348 406 10
349 407 0
350 408 10
351 409 0
352 410 13
352 411 0
352 354 0
352 412 13
352 413 13
353 414 0
354 413 13
354 355 0
354 415 13
355 415 13
355 416 0
355 417 13
356 418 0
357 19 13
357 419 0
357 420 0
357 324 0
357 421 13
357 30 13
357 31 13
359 422 14
359 423 0
359 424 0
359 425 14
359 426 14
360 423 0
361 281 14
361 332 0
361 427 0
361 296 14
361 428 14
362 429 3
362 430 5
363 17 14
363 327 0
363 431 0
363 27 14
363 432 14
364 424 0
365 433 3
367 434 8
368 435 8
369 436 8
370 437 8
371 438 8
372 439 0
374 440 14
374 441 0
374 442 0
374 443 14
374 444 14
375 441 0
376 38 14
376 445 0
376 446 14
377 447 3
377 448 5
378 442 0
379 449 3
381 450 0
382 41 13
382 451 0
382 452 13
384 453 14
384 454 0
384 455 14
385 454 0
386 456 3
386 457 5
388 458 8
389 459 8
390 460 1
390 461 2
390 392 0
390 462 1
390 463 2
391 392 13
391 464 0
391 402 0
391 465 13
391 466 13
392 462 1
392 463 2
392 465 0
392 466 0
392 467 1
392 468 1
392 469 2
392 470 2
393 464 0
394 471 1
394 472 2
395 421 3
396 473 4
398 474 13
398 475 0
398 476 13
399 475 0
400 477 1
400 478 2
401 383 3
401 479 5
402 466 13
403 373 3
404 480 4
405 481 0
406 482 0
407 483 14
407 409 0
407 484 14
408 485 0
409 484 14
409 486 0
409 414 0
409 487 14
409 488 14
410 489 1
410 412 0
410 413 0
410 490 1
410 491 1
411 412 13
411 144 0
411 492 0
411 493 0
411 494 13
411 495 13
411 496 13
412 490 1
412 495 0
412 496 0
412 497 1
412 487 1
413 491 1
413 415 0
413 498 1
414 488 14
415 498 1
415 417 0
415 499 1
416 417 13
416 168 0
416 500 0
416 501 13
416 502 13
417 499 1
417 502 0
417 503 1
418 504 13
418 505 0
418 506 13
419 505 0
420 30 13
420 507 0
420 382 0
420 508 13
420 41 13
422 509 3
422 425 0
422 426 0
422 510 3
422 511 3
423 425 14
423 512 0
423 513 0
423 514 14
423 515 14
424 426 14
424 516 0
424 517 14
425 510 3
425 518 5
425 514 0
425 515 0
425 519 3
425 520 3
425 521 5
425 522 5
426 511 3
426 517 0
426 523 3
427 513 0
428 524 3
428 525 5
430 526 8
431 516 0
432 527 3
434 528 0
435 529 0
436 530 0
437 531 0
438 532 0
439 533 13
440 534 3
440 443 0
440 444 0
440 535 3
440 536 3
441 443 14
441 537 0
441 538 0
441 539 14
441 540 14
442 444 14
443 535 3
443 541 5
443 539 0
443 540 0
443 542 3
443 543 3
443 544 5
443 545 5
444 536 3
445 538 0
446 546 3
446 547 5
448 548 8
450 549 13
450 550 0
450 551 13
451 550 0
453 552 3
453 553 5
453 455 0
453 554 3
453 555 5
454 455 14
454 538 0
454 540 14
455 554 3
455 555 5
455 540 0
455 543 3
455 545 5
457 556 8
459 557 0
460 504 3
460 462 0
460 506 3
461 558 0
461 463 0
462 506 3
462 467 0
462 468 0
462 559 3
462 533 3
463 560 0
463 469 0
463 470 0
464 465 13
464 475 0
464 476 13
465 467 1
465 469 2
465 476 0
465 561 1
465 562 2
466 468 1
466 470 2
467 559 3
467 563 5
467 561 0
467 551 3
467 564 5
468 533 3
469 565 0
469 562 0
470 566 0
471 508 3
471 567 5
472 568 4
474 569 1
474 476 0
474 561 1
475 476 13
475 570 0
475 571 13
476 561 1
476 562 2
476 571 0
476 572 1
476 573 2
477 452 3
477 574 5
478 575 4
481 576 13
481 577 0
481 482 0
481 578 13
481 579 13
482 579 13
482 485 0
482 580 13
483 581 3
483 484 0
483 582 3
484 582 3
484 487 0
484 488 0
484 583 3
484 584 3
485 580 13
485 585 0
485 586 13
486 487 14
486 179 0
486 587 0
486 588 0
486 589 14
486 590 14
486 499 14
487 583 3
487 590 0
487 499 0
487 591 3
487 586 3
488 584 3
489 576 3
489 490 0
489 491 0
489 578 3
489 579 3
490 578 3
490 497 0
490 487 0
490 592 3
490 583 3
491 579 3
491 498 0
491 580 3
492 495 13
492 150 0
492 593 0
492 594 13
492 595 13
493 496 13
493 151 0
493 596 0
493 416 0
493 597 13
493 598 13
493 417 13
494 599 1
495 497 1
495 600 2
495 595 0
495 601 1
495 602 2
496 487 1
496 598 0
496 417 0
496 590 1
496 499 1
497 592 3
497 601 0
497 603 3
498 580 3
498 499 0
498 586 3
499 586 3
499 503 0
499 604 3
500 502 13
500 193 0
500 605 13
501 606 1
502 503 1
502 607 2
503 604 3
504 506 0
505 506 13
505 608 0
505 439 0
505 559 13
505 533 13
506 559 0
506 533 0
507 608 0
509 510 0
509 511 0
510 519 0
510 520 0
511 523 0
512 514 14
512 609 0
512 610 0
512 611 14
512 569 14
513 515 14
513 454 0
513 455 14
514 519 3
514 521 5
514 569 0
514 549 3
514 612 5
515 520 3
515 522 5
515 455 0
515 554 3
515 555 5
516 517 14
516 442 0
516 444 14
517 523 3
517 444 0
517 536 3
518 613 0
518 521 0
518 522 0
519 549 0
520 554 0
521 614 0
521 612 0
522 555 0
522 615 0
523 536 0
525 616 8
528 617 11
528 529 0
528 530 0
528 68 11
528 618 11
529 68 11
529 619 0
529 557 0
529 85 11
529 86 11
530 618 11
531 65 11
531 532 0
531 71 11
532 71 11
532 557 0
532 86 11
534 535 0
534 536 0
535 542 0
535 543 0
537 539 14
537 620 0
537 621 0
537 622 14
537 572 14
538 540 14
539 542 3
539 544 5
539 572 0
539 623 3
539 624 5
540 543 3
540 545 5
541 625 0
541 544 0
541 545 0
542 623 0
544 626 0
544 624 0
545 627 0
547 628 8
549 551 0
550 551 13
550 629 0
550 623 13
551 623 0
552 554 0
553 630 0
553 555 0
554 543 0
555 545 0
555 631 0
557 86 11
557 112 0
557 118 11
558 632 4
559 551 0
560 633 4
561 551 3
561 564 5
561 572 0
561 623 3
561 624 5
562 634 0
562 573 0
563 635 0
563 564 0
564 624 0
564 636 0
565 637 4
566 638 4
569 549 3
569 612 5
569 561 0
569 551 3
569 564 5
570 571 13
570 639 0
570 640 13
571 572 1
571 573 2
572 623 3
572 624 5
573 641 0
576 578 0
576 579 0
577 578 13
577 211 0
577 642 0
577 643 0
577 644 13
577 592 13
577 583 13
578 592 0
578 583 0
579 580 0
580 586 0
581 582 0
582 583 0
582 584 0
583 591 0
583 586 0
585 586 13
585 218 0
585 645 0
585 646 13
585 604 13
586 604 0
587 590 14
587 185 0
587 647 0
587 648 14
587 649 14
588 499 14
588 650 0
588 186 0
588 503 14
588 651 14
589 652 3
590 591 3
590 653 5
590 649 0
590 654 3
590 655 5
591 654 0
592 603 0
593 595 13
593 165 0
593 500 0
593 656 13
593 502 13
594 657 1
594 658 2
595 601 1
595 602 2
595 502 0
595 503 1
595 607 2
596 598 13
596 167 0
596 659 0
596 660 13
596 661 13
597 662 1
598 590 1
598 661 0
598 649 1
599 644 3
600 663 0
600 602 0
601 603 3
601 503 0
601 604 3
602 664 0
602 607 0
603 604 0
605 665 1
605 666 2
606 646 3
607 667 0
608 559 13
608 550 0
608 551 13
609 668 0
610 569 14
610 669 0
610 670 0
610 561 14
610 671 14
611 672 3
611 673 5
612 564 0
612 674 0
613 675 8
614 676 8
615 677 8
617 678 3
617 68 0
617 618 0
617 96 3
617 679 3
618 679 3
619 85 11
619 680 0
619 681 0
619 682 11
619 116 11
620 683 0
621 572 14
621 684 0
621 685 14
622 686 3
622 687 5
624 688 0
625 689 8
626 690 8
627 691 8
629 623 13
629 692 0
629 693 13
630 694 8
631 695 8
632 696 0
633 697 0
634 698 4
635 699 8
636 700 8
637 701 0
638 702 0
639 703 0
640 704 1
640 705 2
641 706 4
642 592 13
642 212 0
642 707 0
642 708 13
642 603 13
643 583 13
643 213 0
643 709 0
643 585 0
643 710 13
643 591 13
643 586 13
645 604 13
645 224 0
645 711 13
647 649 14
647 207 0
647 712 14
648 713 3
648 714 5
649 654 3
649 655 5
650 503 14
650 205 0
650 715 14
651 716 3
653 717 0
653 655 0
655 718 0
656 719 1
656 720 2
657 708 3
658 721 4
659 661 13
659 192 0
659 722 13
660 723 1
661 649 1
662 710 3
663 79 4
664 121 4
665 711 3
666 724 4
667 152 4
668 725 14
668 726 0
668 727 14
669 561 14
669 621 0
669 728 0
669 572 14
669 729 14
670 726 0
671 730 3
671 731 5
673 732 8
674 733 8
675 734 0
676 735 0
677 736 0
678 737 7
678 96 0
678 679 0
678 135 7
678 738 7
679 738 7
680 739 0
681 116 11
681 740 0
681 741 11
682 742 3
682 743 9
683 744 14
683 745 0
683 746 14
684 745 0
685 747 3
685 748 5
687 749 8
688 750 8
689 751 0
690 752 0
691 753 0
692 754 0
694 755 0
695 756 0
696 757 6
696 758 0
696 697 0
696 759 6
696 760 6
697 760 6
697 701 0
697 702 0
697 761 6
697 762 6
698 763 0
699 764 0
700 765 0
701 761 6
701 763 0
701 766 6
702 762 6
702 767 0
702 768 6
703 769 13
704 693 3
704 770 5
705 771 4
706 772 0
707 603 13
707 216 0
707 645 0
707 773 13
707 604 13
709 591 13
709 217 0
709 774 0
709 775 13
709 654 13
712 776 3
712 777 5
714 778 8
715 779 3
717 680 8
718 740 8
719 773 3
720 780 4
722 781 1
723 775 3
723 782 5
725 783 3
725 784 5
725 727 0
725 785 3
725 786 5
726 727 14
726 787 0
726 788 14
727 785 3
727 786 5
727 788 0
727 789 3
727 790 5
728 787 0
729 791 3
729 792 5
731 793 8
733 794 0
734 795 11
734 735 0
734 736 0
734 796 11
734 797 11
735 796 11
735 798 0
735 794 0
735 799 11
735 800 11
736 797 11
736 756 0
736 801 11
737 802 0
737 135 0
737 738 0
738 803 0
739 196 11
739 804 0
739 199 11
740 804 0
741 805 3
741 806 9
742 807 7
743 808 12
744 809 3
744 810 5
744 746 0
744 811 3
744 812 5
745 746 14
746 811 3
746 812 5
748 813 8
750 814 0
751 815 11
751 752 0
751 753 0
751 816 11
751 817 11
752 816 11
752 818 0
752 814 0
752 819 11
752 820 11
753 817 11
754 821 13
755 822 11
755 823 0
755 756 0
755 824 11
755 801 11
756 801 11
756 753 0
756 817 11
757 825 1
757 759 0
757 760 0
757 826 1
757 796 1
758 759 6
758 23 0
758 827 0
758 828 0
758 829 6
758 830 6
758 831 6
759 826 1
759 830 0
759 831 0
759 832 1
759 833 1
760 796 1
760 761 0
760 762 0
760 799 1
760 800 1
761 799 1
761 766 0
761 834 1
762 800 1
762 768 0
762 835 1
763 766 6
763 772 0
763 836 6
764 833 11
764 765 0
764 835 11
765 835 11
765 814 0
765 820 11
766 834 1
766 836 0
766 837 1
767 768 6
767 46 0
767 838 0
767 839 6
767 840 6
768 835 1
768 840 0
768 820 1
769 841 1
769 842 2
772 836 6
772 843 0
772 844 6
774 654 13
774 226 0
774 845 13
777 846 8
781 845 3
781 847 5
783 785 0
784 848 0
784 786 0
785 789 0
786 790 0
786 849 0
787 788 14
787 745 0
787 746 14
788 789 3
788 790 5
788 746 0
788 811 3
788 812 5
789 811 0
790 812 0
790 850 0
792 851 8
794 800 11
794 765 0
794 835 11
795 852 3
795 796 0
795 797 0
795 853 3
795 854 3
796 853 3
796 855 9
796 799 0
796 800 0
796 856 3
796 857 3
796 858 9
796 859 9
797 854 3
797 801 0
797 860 3
798 799 11
798 437 0
798 861 0
798 862 11
798 834 11
799 856 3
799 858 9
799 834 0
799 863 3
799 864 9
800 857 3
800 859 9
800 835 0
800 865 3
800 866 9
801 860 3
801 817 0
801 867 3
802 868 10
803 869 10
804 199 11
805 870 7
806 871 12
809 811 0
810 872 0
810 812 0
812 873 0
814 820 11
815 874 3
815 816 0
815 817 0
815 875 3
815 867 3
816 875 3
816 876 9
816 819 0
816 820 0
816 877 3
816 878 3
816 879 9
816 880 9
817 867 3
818 819 11
818 73 0
818 881 0
818 882 11
818 883 11
819 877 3
819 879 9
819 883 0
819 884 3
819 885 9
820 878 3
820 880 9
822 886 3
822 824 0
822 801 0
822 887 3
822 860 3
823 824 11
823 434 0
823 888 0
823 889 0
823 890 11
823 891 11
823 892 11
824 887 3
824 891 0
824 892 0
824 893 3
824 894 3
825 895 3
825 896 9
825 826 0
825 796 0
825 897 3
825 853 3
825 898 9
825 855 9
826 897 3
826 898 9
826 832 0
826 833 0
826 899 3
826 900 3
826 901 9
826 902 9
827 830 6
827 34 0
827 903 0
827 904 6
827 905 6
828 831 6
828 35 0
828 767 0
828 906 6
828 768 6
829 907 1
830 832 1
830 908 7
830 905 0
830 816 1
830 909 7
831 833 1
831 768 0
831 835 1
832 899 3
832 901 9
832 816 0
832 875 3
832 876 9
833 900 3
833 902 9
833 835 0
833 865 3
833 866 9
834 863 3
834 864 9
834 837 0
834 910 3
834 911 9
835 865 3
835 866 9
835 820 0
835 878 3
835 880 9
836 837 1
836 912 7
836 844 0
836 883 1
836 913 7
837 910 3
837 911 9
837 883 0
837 884 3
837 885 9
838 840 6
838 56 0
838 914 6
839 915 1
840 820 1
840 916 7
841 821 3
841 917 5
842 918 0
843 844 6
843 72 0
843 919 6
844 883 1
844 913 7
848 920 8
849 921 8
850 922 8
852 853 0
852 854 0
853 856 0
853 857 0
854 860 0
855 923 0
855 858 0
855 859 0
856 863 0
857 865 0
858 924 0
858 864 0
859 866 0
859 925 0
860 926 7
860 867 0
860 927 7
861 834 11
861 928 0
861 438 0
861 837 11
861 929 11
862 930 3
862 931 9
863 910 0
864 911 0
864 932 0
865 878 0
866 880 0
866 933 0
867 927 7
868 934 0
869 935 0
872 936 8
873 937 8
874 938 7
874 875 0
874 867 0
874 939 7
874 927 7
875 939 7
875 877 0
875 878 0
875 940 7
875 941 7
876 942 0
876 879 0
876 880 0
877 940 7
877 884 0
877 943 7
878 941 7
879 944 0
879 885 0
880 945 0
881 883 11
881 74 0
881 946 11
882 947 3
882 948 9
883 884 3
883 885 9
884 943 7
885 949 0
886 950 7
886 887 0
886 860 0
886 951 7
886 926 7
887 951 7
887 893 0
887 894 0
887 952 7
887 953 7
888 891 11
888 435 0
888 928 0
888 954 11
888 837 11
889 892 11
889 436 0
889 955 11
890 956 3
891 893 3
891 957 9
891 837 0
891 910 3
891 911 9
892 894 3
893 952 7
893 910 0
893 958 7
894 953 7
895 897 0
895 853 0
896 898 0
896 959 0
896 855 0
897 899 0
897 900 0
898 901 0
898 960 0
898 902 0
899 961 7
899 875 0
899 939 7
900 865 0
901 962 0
901 876 0
902 963 0
902 866 0
903 905 6
903 45 0
903 964 0
903 838 0
903 965 6
903 966 6
903 840 6
904 967 1
904 968 7
905 816 1
905 909 7
905 966 0
905 840 0
905 819 1
905 820 1
905 969 7
905 916 7
906 970 1
907 971 3
907 972 9
908 973 0
908 909 0
909 974 0
909 969 0
909 916 0
910 958 7
910 884 0
910 943 7
911 885 0
911 975 0
912 976 0
912 913 0
913 977 0
914 978 1
914 979 7
915 980 3
915 981 9
916 982 0
917 983 0
918 984 4
919 985 1
919 986 7
920 987 0
921 988 0
922 989 0
923 311 12
924 360 12
925 364 12
926 990 0
926 927 0
927 991 0
928 837 11
928 881 0
928 459 0
928 883 11
928 992 11
929 993 3
929 994 9
931 995 12
932 427 12
933 431 12
934 299 13
934 256 0
934 935 0
934 302 13
934 303 13
935 303 13
935 996 0
935 310 13
936 997 0
937 998 0
938 999 0
938 939 0
938 927 0
939 1000 0
939 940 0
939 941 0
940 1001 0
940 943 0
941 1002 0
942 325 12
943 1003 0
944 375 12
945 378 12
946 1004 3
946 1005 9
947 1006 7
948 1007 12
949 445 12
950 1008 0
950 951 0
950 926 0
951 1009 0
951 952 0
951 953 0
952 1010 0
952 958 0
953 1011 0
954 1012 3
954 1013 9
955 1014 3
956 1015 7
957 1016 0
957 911 0
958 1017 0
958 943 0
959 1018 12
960 1019 12
961 1020 0
961 939 0
962 1021 12
963 1022 12
964 966 6
964 55 0
964 843 0
964 1023 6
964 844 6
965 1024 1
965 1025 7
966 819 1
966 969 7
966 844 0
966 883 1
966 913 7
967 1026 3
967 1027 9
968 1028 10
969 1029 0
969 913 0
970 1030 3
970 1031 9
973 278 10
974 336 10
975 385 12
976 342 10
977 399 10
978 1032 3
978 1033 9
979 1034 10
982 345 10
983 1035 8
984 1036 0
985 1037 3
985 1038 9
986 1039 10
987 1040 11
987 1041 0
987 988 0
987 1042 11
987 1043 11
988 1043 11
988 989 0
988 1044 11
989 1044 11
989 998 0
989 1045 11
990 1046 10
991 1047 10
992 1048 3
992 1049 9
994 1050 12
996 310 13
996 1046 0
996 1051 0
996 1052 13
996 316 13
997 1053 11
997 1054 0
997 998 0
997 1055 11
997 1045 11
998 1045 11
999 1056 10
1000 419 10
1001 507 10
1002 372 10
1003 451 10
1004 1057 7
1005 1058 12
1008 1059 10
1009 1060 10
1010 1061 10
1011 1062 10
1012 1063 7
1013 1064 12
1014 1065 7
1016 331 12
1017 381 10
1018 1066 0
1019 1067 0
1020 356 10
1021 1068 0
1022 1069 0
1023 1070 1
1023 1071 7
1024 1072 3
1024 1073 9
1025 1074 10
1026 1075 7
1029 393 10
1032 1076 7
1035 1077 0
1036 1078 6
1036 1079 0
1036 1080 6
1037 1081 7
1040 1082 3
1040 1042 0
1040 1043 0
1040 1083 3
1040 1084 3
1041 1042 11
1041 675 0
1041 1085 0
1041 1086 0
1041 1087 11
1041 1088 11
1041 1089 11
1042 1083 3
1042 1088 0
1042 1089 0
1042 1090 3
1042 1091 3
1043 1084 3
1043 1044 0
1043 1092 3
1044 1092 3
1044 1045 0
1044 1093 3
1045 1093 3
1046 1094 0
1047 1095 0
1048 1096 7
1049 1097 12
1051 316 13
1051 1047 0
1051 1098 13
1053 1099 3
1053 1055 0
1053 1045 0
1053 1100 3
1053 1093 3
1054 1055 11
1054 689 0
1054 1101 0
1054 1102 0
1054 1103 11
1054 1104 11
1054 1105 11
1055 1100 3
1055 1104 0
1055 1105 0
1055 1106 3
1055 1107 3
1056 1108 0
1059 1109 0
1060 1110 0
1061 1111 0
1062 1112 0
1066 1113 14
1066 1067 0
1066 359 0
1066 1114 14
1066 422 14
1067 1114 14
1067 1068 0
1067 1069 0
1067 1115 14
1067 1116 14
1068 1115 14
1068 374 0
1068 440 14
1069 1116 14
1069 1117 0
1069 516 0
1069 462 14
1069 517 14
1070 1118 3
1070 1119 9
1071 1120 10
1072 1121 7
1075 1122 10
1076 1123 10
1077 1124 11
1078 1125 1
1078 1080 0
1078 1126 1
1079 1080 6
1079 698 0
1079 1127 0
1079 1128 6
1079 1129 6
1080 1126 1
1080 1129 0
1080 1130 1
1081 1131 10
1082 1083 0
1082 1084 0
1083 1090 0
1083 1091 0
1084 1092 0
1085 1088 11
1085 676 0
1085 1132 0
1085 1133 11
1085 1125 11
1086 1089 11
1086 1134 0
1086 677 0
1086 1135 11
1086 1136 11
1087 1137 3
1088 1090 3
1088 1138 9
1088 1125 0
1088 1139 3
1088 1140 9
1089 1091 3
1089 1135 0
1089 1141 3
1090 1139 0
1091 1141 0
1092 1093 0
1093 1142 7
1094 511 13
1094 1095 0
1094 523 13
1095 523 13
1095 1143 0
1095 536 13
1099 1144 7
1099 1100 0
1099 1093 0
1099 1145 7
1099 1142 7
1100 1145 7
1100 1106 0
1100 1107 0
1100 1146 7
1100 1147 7
1101 1104 11
1101 690 0
1101 1148 0
1101 1149 11
1101 1130 11
1102 1105 11
1102 691 0
1102 1150 11
1103 1151 3
1104 1106 3
1104 1152 9
1104 1130 0
1104 1153 3
1104 1154 9
1105 1107 3
1106 1146 7
1106 1153 0
1106 1155 7
1107 1147 7
1108 1156 13
1108 505 0
1108 1095 0
1108 506 13
1108 523 13
1109 509 13
1109 1110 0
1109 1094 0
1109 510 13
1109 511 13
1110 510 13
1110 1111 0
1110 1112 0
1110 519 13
1110 520 13
1111 519 13
1111 450 0
1111 549 13
1112 520 13
1112 1157 0
1112 554 13
1113 1158 3
1113 1114 0
1113 422 0
1113 1159 3
1113 509 3
1114 1159 3
1114 1115 0
1114 1116 0
1114 1160 3
1114 1156 3
1115 1160 3
1115 440 0
1115 534 3
1116 1156 3
1116 462 0
1116 517 0
1116 506 3
1116 523 3
1117 462 14
1117 1161 0
1117 1162 0
1117 1163 0
1117 1164 14
1117 467 14
1117 468 14
1118 1165 7
1121 1166 10
1124 1167 3
1124 1168 9
1125 1139 3
1125 1140 9
1125 1126 0
1125 1169 3
1125 1170 9
1126 1169 3
1126 1170 9
1126 1130 0
1126 1153 3
1126 1154 9
1127 1129 6
1127 706 0
1127 1171 6
1128 1172 1
1129 1130 1
1129 1173 7
1130 1153 3
1130 1154 9
1132 1125 11
1132 1174 0
1132 733 0
1132 1126 11
1132 1175 11
1133 1176 3
1133 1177 9
1134 1135 11
1134 1102 0
1134 695 0
1134 1105 11
1134 1178 11
1135 1141 3
1135 1105 0
1135 1107 3
1136 1179 3
1138 1180 0
1138 1140 0
1139 1169 0
1140 1170 0
1140 1181 0
1141 1182 7
1141 1107 0
1141 1147 7
1142 1183 0
1143 536 13
1143 1184 0
1143 1185 13
1144 1186 0
1144 1145 0
1144 1142 0
1145 1187 0
1145 1146 0
1145 1147 0
1146 1188 0
1146 1155 0
1147 1189 0
1148 1130 11
1148 750 0
1148 1190 11
1149 1191 3
1149 1192 9
1150 1193 3
1151 1194 7
1152 1195 0
1152 1154 0
1153 1155 7
1154 1196 0
1155 1197 0
1156 506 0
1156 523 0
1157 554 13
1157 1198 0
1157 1199 0
1157 1200 13
1157 543 13
1158 1159 0
1158 509 0
1159 1160 0
1159 1156 0
1160 534 0
1161 1201 0
1162 467 14
1162 1202 0
1162 669 0
1162 1203 14
1162 561 14
1163 468 14
1163 1204 0
1163 1205 14
1164 1206 3
1165 1207 10
1168 1208 0
1169 1153 0
1170 1154 0
1170 1209 0
1171 1210 1
1171 1211 7
1172 1212 3
1172 1213 9
1173 1214 0
1174 1126 11
1174 1148 0
1174 700 0
1174 1130 11
1174 1215 11
1175 1216 3
1175 1217 9
1177 1218 12
1178 1219 3
1180 609 12
1181 670 12
1182 1220 0
1182 1147 0
1183 1184 10
1184 1221 0
1186 1222 10
1187 1223 10
1188 1224 10
1189 1225 10
1190 1226 3
1190 1227 9
1191 1228 7
1192 1229 12
1193 1230 7
1195 620 12
1196 684 12
1197 692 10
1198 1231 0
1199 543 13
1199 1225 0
1199 1232 13
1201 1233 14
1201 1234 0
1201 1235 0
1201 1236 14
1201 1237 14
1202 1234 0
1203 1238 3
1203 1239 5
1204 1235 0
1205 1240 3
1208 1204 12
1209 728 12
1210 1241 3
1210 1242 9
1211 1243 10
1214 639 10
1215 1244 3
1215 1245 9
1217 1246 12
1219 1247 7
1220 1198 10
1221 1248 13
1222 1249 0
1223 1250 0
1224 1251 0
1225 1252 0
1226 1253 7
1227 1254 12
1231 785 13
1231 1252 0
1231 789 13
1233 1255 3
1233 1236 0
1233 1237 0
1233 1256 3
1233 1248 3
1234 1236 14
1234 1257 0
1234 787 0
1234 1258 14
1234 788 14
1235 1237 14
1236 1256 3
1236 1259 5
1236 1258 0
1236 788 0
1236 1260 3
1236 789 3
1236 1261 5
1236 790 5
1237 1248 3
1239 1262 8
1241 1263 7
1245 1264 12
1249 1255 13
1249 1250 0
1249 1221 0
1249 1256 13
1249 1248 13
1250 1256 13
1250 1251 0
1250 1252 0
1250 1260 13
1250 789 13
1251 1260 13
1251 754 0
1251 821 13
1252 789 13
1252 1265 0
1252 811 13
1255 1256 0
1255 1248 0
1256 1260 0
1256 789 0
1257 1258 14
1257 1266 0
1257 1267 0
1257 1268 14
1257 841 14
1258 1260 3
1258 1261 5
1258 841 0
1258 821 3
1258 917 5
1259 1269 0
1259 1261 0
1259 790 0
1260 821 0
1261 1270 0
1261 917 0
1263 1271 10
1265 811 13
1265 1272 0
1265 1273 13
1266 1274 0
1267 841 14
1267 1275 0
1267 1276 14
1268 1277 3
1268 1278 5
1269 1279 8
1270 1280 8
1272 1281 0
1274 1282 14
1274 1283 0
1274 1284 14
1275 1283 0
1276 1285 3
1276 1286 5
1278 1287 8
1279 1288 0
1280 1289 0
1281 1290 13
1282 1291 3
1282 1292 5
1282 1284 0
1282 1290 3
1282 1293 5
1283 1284 14
1284 1290 3
1284 1293 5
1286 1294 8
1288 1295 11
1288 1289 0
1288 989 0
1288 1296 11
1288 1044 11
1289 1296 11
1289 1297 0
1289 1077 0
1289 1298 11
1289 1124 11
1291 1290 0
1292 1299 0
1292 1293 0
1293 1300 0
1295 1301 3
1295 1296 0
1295 1044 0
1295 1302 3
1295 1092 3
1296 1302 3
1296 1303 9
1296 1298 0
1296 1124 0
1296 1304 3
1296 1167 3
1296 1305 9
1296 1168 9
1297 1298 11
1297 699 0
1297 1174 0
1297 1306 11
1297 1126 11
1298 1304 3
1298 1305 9
1298 1126 0
1298 1169 3
1298 1170 9
1299 1307 8
1300 1308 8
1301 1302 0
1301 1092 0
1302 1304 0
1302 1167 0
1303 1309 0
1303 1305 0
1303 1168 0
1304 1169 0
1305 1310 0
1305 1170 0
1306 1311 3
1306 1312 9
1307 1313 0
1308 1314 0
1309 1161 12
1310 1202 12
1312 1315 12
1313 1316 11
1313 1317 0
1313 1314 0
1313 1318 11
1313 1319 11
1314 1319 11
1316 1320 3
1316 1318 0
1316 1319 0
1316 1321 3
1316 1322 3
1317 1318 11
1317 1279 0
1317 1323 0
1317 1324 0
1317 1325 11
1317 1326 11
1317 1327 11
1318 1321 3
1318 1326 0
1318 1327 0
1318 1328 3
1318 1329 3
1319 1322 3
1320 1321 0
1320 1322 0
1321 1328 0
1321 1329 0
1323 1326 11
1323 1280 0
1323 1330 0
1323 1331 11
1323 1332 11
1324 1327 11
1324 1333 0
1324 922 0
1324 1334 11
1324 1335 11
1325 1336 3
1326 1328 3
1326 1337 9
1326 1332 0
1326 1338 3
1326 1339 9
1327 1329 3
1327 1334 0
1327 1340 3
1328 1338 0
1329 1340 0
1330 1332 11
1330 1035 0
1330 1341 11
1331 1342 3
1331 1343 9
1332 1338 3
1332 1339 9
1333 1334 11
1333 937 0
1333 1344 11
1334 1340 3
1335 1345 3
1337 1346 0
1337 1339 0
1339 1347 0
1340 1348 7
1341 1349 3
1341 1350 9
1343 1351 12
1344 1352 3
1346 1266 12
1347 1275 12
1348 1353 0
1350 1354 12
1352 1355 7
1353 1272 10
56
1 0
37 1 257 258 260 5 6 261 517 265 267 268 14 270 17 422 426 440 460 462 1233 601 1113 1114 1115 1116 483 484 487 489 490 491 497 498 499 251 252 253
18 2 573 7 8 39 842 461 15 463 18 562 469 470 600 602 28 29 607
11 3 4 390 392 13 495 16 465 595 24 476
61 1156 1158 519 520 9 10 11 523 1159 1160 783 1291 785 19 20 789 534 535 30 542 549 551 552 297 298 299 300 301 302 303 304 554 306 307 308 309 310 559 315 318 576 578 579 580 581 582 583 330 586 591 592 603 809 1255 1256 1260 504 506 509 510 511
27 641 12 396 658 404 21 22 663 664 918 666 667 32 33 43 44 558 560 52 565 566 705 720 340 472 478 634
18 34 35 706 637 72 632 45 46 79 633 984 55 23 56 121 698 152 638
15 640 769 37 394 400 656 338 466 594 502 280 25 346 571 605
24 514 515 1282 266 269 276 788 281 26 539 296 425 561 569 443 453 455 590 467 1236 725 727 744 1258
26 395 651 1164 273 657 403 662 665 27 432 1205 314 444 328 715 589 719 339 468 1237 599 606 488 365 503 379
62 387 644 773 646 775 776 1285 1290 779 524 652 654 527 533 791 536 1052 31 543 672 546 1185 421 41 811 429 686 1200 433 693 821 1206 316 447 319 449 452 708 710 711 456 584 713 1098 716 845 1232 1238 1240 730 604 1248 358 747 366 623 373 380 1273 508 1277 383
29 772 903 1036 157 36 47 48 1079 696 697 57 58 59 701 702 827 828 964 838 75 76 843 80 1127 114 758 120 763 767
30 386 1284 648 649 781 401 277 540 671 38 428 685 1203 572 446 704 712 841 333 723 471 729 477 611 362 746 622 1268 377 1276
32 518 521 522 1292 653 1293 655 784 786 917 790 541 544 545 40 553 42 555 810 812 563 564 317 320 321 322 323 334 612 1259 1261 624
13 768 1080 766 49 51 757 1078 759 760 761 762 62 831
12 836 966 905 77 78 830 156 50 82 60 61 158
48 388 389 1286 777 525 1299 1300 792 673 674 547 430 687 688 53 54 448 457 714 717 718 848 849 850 983 1239 731 613 614 615 631 872 873 748 367 368 369 370 371 625 626 627 630 1269 1270 635 636 1278
31 1296 1298 796 799 800 1326 816 819 825 826 63 64 65 194 67 68 196 832 71 833 834 835 837 1104 83 85 86 1088 1125 1126 891
18 66 195 69 70 197 200 969 908 909 912 913 84 117 119 87 88 916 1173
32 1280 1035 920 921 922 1307 1308 675 676 677 680 936 937 689 434 435 436 437 438 695 690 691 694 699 700 73 74 459 733 740 750 1279
15 965 198 840 904 1129 844 81 113 115 914 1171 919 153 122 1023
28 897 900 1169 1301 1302 1304 1320 1321 1328 1329 1082 1083 1084 1090 1091 1092 852 853 854 856 89 857 92 863 865 99 1139 895
39 896 129 898 1152 1154 901 902 911 1168 1170 1303 1305 1337 1339 957 855 858 90 859 93 94 864 97 98 866 100 103 106 107 876 238 879 240 880 1138 243 1140 885 126
22 899 910 678 1099 1100 1106 91 860 95 96 102 104 105 874 875 237 877 239 1141 886 887 893
27 1025 130 131 1029 154 155 160 1071 1211 1214 191 968 973 974 976 977 979 982 986 101 108 109 241 244 245 124 127
2 189 110
50 1288 1289 528 529 1041 531 532 1148 1174 1297 794 798 1054 928 1313 1317 681 1323 1324 557 818 1330 1333 823 1085 1086 1101 1102 987 988 861 734 735 736 989 739 997 619 1132 1134 111 751 752 881 755 756 888 889 764 765
8 1314 804 998 814 112 753 530 1077
37 1024 907 915 1172 1175 1306 159 929 1190 682 1070 946 1331 820 1332 954 1210 1341 190 1215 199 967 970 978 985 862 992 1124 741 1130 1133 882 883 116 118 123 1149
35 128 1153 1026 1032 1037 1048 161 805 679 1191 1193 1072 947 956 1340 1219 1093 1352 201 1226 1107 1241 1118 867 742 232 1004 878 242 884 1012 1014 125 894 1151
55 132 136 137 141 142 143 146 148 149 1049 1177 923 924 925 1180 1181 288 1309 290 931 164 292 166 806 932 933 1192 1195 1196 942 944 945 948 949 1208 1209 959 960 1217 962 963 1310 1343 1346 1347 1350 1312 1227 975 1245 994 743 1005 1013 1016
34 1155 133 134 135 138 139 140 145 147 926 927 286 289 287 1182 938 939 940 941 943 950 951 952 953 958 961 1348 737 738 1142 1144 1145 1146 1147
18 192 193 291 165 293 167 168 294 345 393 399 144 336 150 151 278 342 639
13 162 1027 1031 233 202 1033 972 1038 1073 981 1242 1213 1119
9 1120 163 1028 1034 234 203 1039 1074 1243
39 385 1018 1161 1275 670 169 427 684 173 174 431 178 179 180 1202 1204 183 311 185 186 445 325 331 205 207 728 349 351 353 609 360 364 620 1266 375 378 1019 1021 1022
43 1165 282 1183 802 803 1186 1187 1188 1189 170 171 172 1197 175 176 177 1075 1076 182 184 1081 1220 1353 204 347 348 990 350 991 1121 999 1000 1001 1002 1003 1263 1008 1009 1010 1011 246 1017 1020
31 391 398 659 279 283 411 285 416 181 570 187 188 206 335 208 209 337 464 593 596 343 475 352 354 355 229 235 236 492 493 500
57 384 512 513 259 516 647 650 1162 1163 272 275 787 407 409 537 668 669 423 424 1066 683 1067 1068 1069 1201 312 313 441 326 327 454 587 332 588 210 1234 214 215 726 219 220 221 1117 225 610 227 228 486 359 361 1257 363 621 1267 374 376 1274
34 405 406 1046 408 1047 1056 1184 419 1059 1060 1061 1062 1198 692 451 1222 1223 1224 1225 211 212 213 216 217 218 224 226 356 868 869 372 1272 507 381
14 417 230 231 415 410 496 474 598 412 250 284 413 222 223
9 1122 1123 295 1131 1166 341 247 1207 1271
8 1283 745 538 1235 248 249 442 414
51 256 642 643 645 262 263 264 774 1157 271 274 1051 418 420 550 934 935 1199 305 577 450 707 324 709 1094 1095 329 585 1231 1108 1109 1110 1111 1112 1143 608 481 482 1249 996 357 485 1250 1251 1252 1265 629 254 505 382 255
7 494 722 660 597 501 661 344
9 480 771 780 397 721 724 568 473 575
2 402 703
4 1281 754 1221 439
16 548 1287 616 458 778 556 749 526 813 846 1262 1294 851 628 793 732
6 770 782 847 567 574 479
19 1295 1040 1042 1043 1044 795 1053 797 1055 801 1316 1318 815 1327 822 824 1089 617 1135
17 1344 1178 1319 618 1325 1103 1136 817 1105 1045 1334 1335 890 955 892 1150 1087
14 1057 1253 870 807 1063 1065 1096 1194 1228 1355 1006 1230 1015 1247
16 1058 995 1218 1315 1254 871 808 1064 1097 1351 1354 1229 1007 1264 1050 1246
4 1128 906 829 839
19 1030 1167 1176 1179 1311 930 1322 1336 1338 1212 1342 1216 1345 1349 971 980 1244 993 1137
803
24
26
28
30
37
38
39
40
41
42
43
52
55
72
75
77
85
87
104
106
110
113
116
117
128
129
130
132
136
137
139
141
142
143
146
147
148
149
154
164
166
167
169
173
174
176
178
179
180
183
184
185
186
192
205
207
208
210
214
215
217
219
220
221
225
226
227
228
230
235
248
249
250
251
252
253
257
258
261
263
265
266
267
269
273
274
275
276
277
281
283
284
288
290
292
296
297
298
299
300
301
303
306
308
309
310
311
312
314
315
316
317
318
319
320
321
322
323
325
326
328
329
330
331
332
333
334
337
342
343
344
349
351
353
359
360
361
362
364
365
366
367
369
374
375
376
377
378
379
380
381
382
383
384
385
386
387
388
393
394
398
399
400
401
407
409
414
420
422
423
424
425
426
427
428
429
430
431
432
433
434
436
440
441
442
443
444
445
446
447
448
449
450
451
452
453
454
455
456
457
458
464
465
467
469
471
472
474
475
476
477
478
479
483
484
488
507
508
509
510
511
512
513
514
515
516
517
518
519
520
521
522
523
524
525
526
527
528
530
534
535
536
537
538
539
540
541
542
543
544
545
546
547
548
549
550
551
552
553
554
555
556
559
561
562
563
564
565
567
568
569
570
571
572
573
574
575
581
582
584
587
589
590
591
596
598
608
609
610
611
612
613
615
616
617
618
619
620
621
622
623
624
625
627
628
629
630
631
634
637
639
640
641
647
648
649
651
652
653
654
655
659
660
661
668
669
670
671
672
673
675
677
678
679
681
683
684
685
686
687
689
691
692
693
694
695
698
701
703
704
705
706
709
712
713
714
715
716
722
723
725
726
727
728
729
730
731
732
734
736
737
738
744
745
746
747
748
749
751
753
754
755
756
761
763
766
769
770
771
772
774
775
776
777
778
779
781
782
783
784
785
786
787
788
789
790
791
792
793
795
797
798
799
801
802
803
809
810
811
812
813
815
817
818
819
821
822
823
824
834
836
837
841
842
843
844
845
846
847
848
849
850
851
852
854
856
858
860
861
863
864
867
868
869
872
873
874
877
879
881
883
884
885
886
887
888
889
890
891
892
893
894
910
911
912
913
917
918
919
920
921
922
923
924
925
926
927
928
932
933
934
935
936
937
938
940
942
943
944
945
949
950
951
952
953
955
956
957
958
959
960
962
963
964
966
969
975
976
977
984
985
986
987
988
989
990
991
996
997
998
999
1001
1003
1008
1009
1010
1011
1014
1015
1016
1017
1018
1019
1021
1022
1023
1029
1036
1037
1038
1039
1040
1041
1042
1043
1044
1045
1046
1047
1051
1052
1053
1054
1055
1056
1059
1060
1061
1062
1065
1066
1067
1068
1069
1070
1071
1078
1079
1080
1081
1082
1083
1084
1085
1086
1087
1088
1089
1090
1091
1092
1093
1094
1095
1098
1099
1100
1101
1102
1103
1104
1105
1106
1107
1108
1109
1110
1111
1112
1113
1114
1115
1116
1118
1119
1120
1125
1126
1127
1128
1129
1130
1131
1132
1134
1135
1136
1137
1138
1139
1140
1141
1142
1143
1144
1145
1146
1147
1148
1150
1151
1152
1153
1154
1155
1156
1157
1158
1159
1160
1161
1162
1164
1165
1169
1170
1171
1172
1173
1174
1178
1179
1180
1181
1182
1183
1184
1185
1186
1187
1188
1189
1193
1194
1195
1196
1197
1198
1199
1200
1201
1202
1203
1204
1205
1206
1207
1208
1209
1210
1211
1212
1213
1214
1219
1220
1221
1222
1223
1224
1225
1230
1231
1232
1233
1234
1235
1236
1237
1238
1239
1240
1241
1242
1243
1247
1248
1249
1250
1251
1252
1255
1256
1257
1258
1259
1260
1261
1262
1263
1265
1266
1267
1268
1269
1271
1272
1273
1274
1275
1276
1277
1278
1279
1281
1282
1283
1284
1285
1286
1287
1288
1290
1291
1292
1293
1294
1295
1297
1298
1299
1300
1301
1304
1305
1307
1308
1309
1310
1313
1314
1316
1317
1318
1319
1320
1321
1322
1323
1324
1325
1326
1327
1328
1329
1330
1332
1333
1334
1335
1336
1337
1338
1339
1340
1344
1345
1346
1347
1348
1352
1353
1355
0
