1179
1
3024
0 1 1
0 2 2
0 3 0
0 4 0
1 5 1
1 6 3
1 7 0
1 8 0
2 9 0
2 10 0
2 11 0
3 7 1
3 9 2
3 12 0
3 13 0
4 8 1
4 10 2
4 14 0
5 15 0
5 16 0
6 17 0
6 18 0
7 15 1
7 17 3
7 19 0
7 20 0
8 16 1
8 18 3
8 21 0
9 22 0
9 23 0
9 24 0
10 25 0
10 26 0
11 27 4
11 24 0
11 25 0
12 19 1
12 22 2
13 20 1
13 23 2
14 21 1
14 26 2
14 28 0
15 29 0
15 30 0
16 31 0
17 32 0
17 33 0
18 34 0
19 29 1
19 32 3
20 30 1
20 33 3
21 31 1
21 34 3
21 35 0
22 36 0
23 37 0
24 38 4
24 36 0
24 37 0
25 39 4
26 40 0
27 41 5
27 41 6
27 38 0
27 39 0
27 42 0
28 35 1
28 40 2
28 43 0
28 43 0
28 44 0
31 45 0
34 46 0
35 45 1
35 46 3
35 47 0
35 47 0
35 48 0
36 49 4
37 50 4
38 51 5
38 51 6
38 49 0
38 50 0
38 52 0
39 53 5
39 53 6
39 54 0
40 55 0
40 55 0
40 56 0
41 57 1
41 51 0
41 53 0
42 58 7
42 58 5
42 58 6
42 52 0
42 54 0
43 47 1
43 55 2
43 59 0
44 48 1
44 56 2
44 60 0
44 60 0
44 60 0
45 61 0
45 61 0
45 62 0
46 63 0
46 63 0
46 64 0
47 61 1
47 63 3
47 65 0
48 62 1
48 64 3
48 66 0
48 66 0
48 66 0
49 67 5
49 67 6
49 68 0
50 69 5
50 69 6
50 70 0
51 71 1
51 67 0
51 69 0
52 72 7
52 72 5
52 72 6
52 68 0
52 70 0
53 73 1
54 74 7
54 74 5
54 74 6
54 75 0
55 76 0
56 77 0
56 77 0
56 77 0
56 78 0
57 79 8
57 71 0
57 73 0
58 80 1
58 72 0
58 74 0
59 65 1
59 76 2
59 81 0
60 66 1
60 77 2
60 82 0
61 83 0
62 84 0
62 84 0
62 84 0
63 85 0
64 86 0
64 86 0
64 86 0
65 83 1
65 85 3
65 87 0
66 84 1
66 86 3
66 88 0
67 89 1
68 90 7
68 90 5
68 90 6
69 91 1
70 92 7
70 92 5
70 92 6
71 93 8
71 89 0
71 91 0
72 94 1
72 90 0
72 92 0
73 95 8
74 96 1
74 97 0
75 97 7
75 97 5
75 97 6
75 98 0
76 99 0
77 100 0
77 101 0
78 102 4
78 101 0
78 101 0
78 101 0
79 93 0
79 95 0
79 103 0
80 104 8
80 94 0
80 96 0
81 87 1
81 99 2
81 105 0
82 88 1
82 100 2
82 106 0
83 107 0
84 108 0
85 109 0
86 110 0
87 107 1
87 109 3
87 111 0
88 108 1
88 110 3
88 112 0
89 113 8
90 114 1
91 115 8
92 116 1
93 113 0
93 115 0
93 117 0
94 118 8
94 114 0
94 116 0
95 119 0
96 120 8
96 121 0
97 121 1
97 122 9
97 123 0
98 123 7
98 123 5
98 123 6
98 124 0
98 124 0
98 125 0
99 126 0
100 127 0
100 128 0
101 129 4
101 128 0
101 130 0
102 131 5
102 131 6
102 129 0
102 129 0
102 129 0
102 125 0
103 132 10
103 132 11
103 117 0
103 119 0
104 118 0
104 120 0
104 133 0
105 111 1
105 126 2
105 134 0
105 134 0
106 112 1
106 127 2
106 135 0
107 136 0
108 137 0
109 138 0
110 139 0
111 136 1
111 138 3
111 140 12
111 141 0
111 141 0
112 137 1
112 139 3
112 142 0
113 143 0
114 144 8
115 145 0
116 146 8
117 147 10
117 147 11
117 143 0
117 145 0
117 148 0
118 144 0
118 146 0
118 149 0
119 150 10
119 150 11
120 151 0
120 152 0
121 151 8
121 153 0
122 154 0
123 153 1
123 154 9
123 155 0
123 155 0
123 156 0
124 155 7
124 155 5
124 155 6
124 157 0
124 158 0
125 156 7
125 156 5
125 156 6
125 159 0
125 159 0
125 159 0
126 160 0
126 160 0
127 161 0
127 162 0
128 163 4
128 161 0
129 164 5
129 164 6
129 163 0
129 165 0
129 159 0
130 165 4
131 166 1
131 167 9
131 164 0
131 164 0
131 164 0
132 147 0
132 150 0
132 168 0
133 169 10
133 169 11
133 149 0
133 152 0
134 141 1
134 160 2
134 170 0
135 142 1
135 162 2
135 171 0
135 171 0
136 172 0
136 172 0
137 173 0
138 174 0
138 174 0
139 175 0
140 176 0
140 176 0
141 172 1
141 174 3
141 176 12
141 177 0
142 173 1
142 175 3
142 178 12
142 179 0
142 179 0
143 180 10
143 180 11
144 181 0
145 182 10
145 182 11
146 183 0
147 180 0
147 182 0
147 184 0
147 185 0
148 184 10
148 184 11
149 186 10
149 186 11
149 181 0
149 183 0
149 187 0
150 188 0
151 189 0
151 190 0
152 191 10
152 191 11
152 190 0
153 189 8
153 192 0
153 192 0
153 193 0
154 194 0
154 194 0
154 195 0
155 192 1
155 194 9
155 196 0
155 197 0
156 193 1
156 195 9
156 198 0
156 198 0
156 198 0
157 196 7
157 196 5
157 196 6
157 199 0
158 197 7
158 197 5
158 197 6
158 200 0
158 200 0
159 198 7
159 198 5
159 198 6
159 201 0
159 202 0
160 203 0
161 204 4
161 205 0
162 206 0
162 206 0
162 205 0
163 207 5
163 207 6
163 204 0
163 201 0
164 208 1
164 209 9
164 207 0
164 210 0
165 210 5
165 210 6
165 202 0
166 211 8
166 208 0
166 208 0
166 208 0
167 212 13
167 212 14
167 209 0
167 209 0
167 209 0
168 213 15
168 213 16
168 185 0
168 188 0
169 186 0
169 191 0
169 214 0
170 177 1
170 203 2
170 215 0
170 215 0
171 179 1
171 206 2
171 216 0
172 217 0
173 218 0
173 218 0
174 219 0
175 220 0
175 220 0
176 221 0
177 217 1
177 219 3
177 221 12
177 222 0
177 222 0
178 223 0
178 223 0
179 218 1
179 220 3
179 223 12
179 224 0
180 225 0
181 226 10
181 226 11
182 227 0
183 228 10
183 228 11
184 229 0
185 230 15
185 230 16
185 225 0
185 227 0
185 229 0
186 226 0
186 228 0
186 231 0
186 232 0
187 231 10
187 231 11
188 233 15
188 233 16
189 234 0
189 234 0
189 235 0
189 236 0
190 237 10
190 237 11
190 236 0
191 237 0
191 238 0
192 234 8
192 239 0
192 240 0
193 235 8
193 241 0
193 241 0
193 241 0
194 242 0
194 243 0
195 244 0
195 244 0
195 244 0
195 245 0
196 239 1
196 242 9
196 246 0
197 240 1
197 243 9
197 247 0
197 247 0
198 241 1
198 244 9
198 248 0
198 249 0
199 246 7
199 246 5
199 246 6
199 250 0
200 247 7
200 247 5
200 247 6
201 248 7
201 248 5
201 248 6
201 251 0
202 249 7
202 249 5
202 249 6
202 252 0
203 253 0
203 253 0
204 254 5
204 254 6
204 251 0
204 255 0
205 255 4
205 256 0
205 256 0
206 256 0
206 257 0
207 258 1
207 259 9
207 254 0
208 260 8
208 258 0
208 261 0
209 262 13
209 262 14
209 259 0
209 263 0
210 261 1
210 263 9
211 260 0
211 260 0
211 260 0
211 264 0
212 262 0
212 262 0
212 262 0
213 230 0
213 233 0
214 265 15
214 265 16
214 232 0
214 238 0
215 222 1
215 253 2
216 224 1
216 257 2
216 266 0
216 266 0
217 267 0
217 267 0
218 268 0
219 269 0
219 269 0
220 270 0
221 271 0
221 271 0
221 272 0
222 267 1
222 269 3
222 271 12
223 273 0
224 268 1
224 270 3
224 273 12
224 274 0
224 274 0
225 275 15
225 275 16
226 276 0
227 277 15
227 277 16
228 278 0
229 279 15
229 279 16
229 280 0
230 275 0
230 277 0
230 279 0
231 281 0
232 282 15
232 282 16
232 276 0
232 278 0
232 281 0
234 283 0
234 284 0
234 285 0
235 286 0
235 286 0
235 286 0
235 287 0
236 288 10
236 288 11
236 285 0
236 285 0
236 287 0
237 288 0
237 289 0
238 290 15
238 290 16
238 289 0
239 283 8
239 291 0
240 284 8
240 292 0
240 292 0
241 286 8
241 293 0
241 294 0
242 295 0
243 296 0
243 296 0
244 297 0
244 298 0
244 299 0
245 300 13
245 300 14
245 299 0
245 299 0
245 299 0
246 291 1
246 295 9
246 301 0
247 292 1
247 296 9
248 293 1
248 297 9
248 302 0
249 294 1
249 298 9
249 303 0
250 301 7
250 301 5
250 301 6
250 304 0
250 304 0
251 302 7
251 302 5
251 302 6
251 305 0
252 303 7
252 303 5
252 303 6
252 306 0
252 306 0
254 307 1
254 308 9
254 309 0
255 309 5
255 309 6
255 310 0
255 310 0
255 305 0
256 310 4
256 311 0
257 312 0
257 312 0
257 311 0
258 313 8
258 307 0
259 314 13
259 314 14
259 308 0
260 313 0
260 315 0
260 316 0
261 315 8
262 314 0
262 317 0
263 317 13
263 317 14
264 318 10
264 318 11
264 316 0
264 316 0
264 316 0
265 282 0
265 290 0
266 274 1
266 312 2
268 319 0
268 319 0
270 320 0
270 320 0
271 321 0
272 322 17
272 321 0
272 321 0
273 323 0
273 323 0
273 324 0
274 319 1
274 320 3
274 323 12
276 325 15
276 325 16
278 326 15
278 326 16
279 327 0
280 327 15
280 327 16
280 328 0
281 329 15
281 329 16
281 330 0
282 325 0
282 326 0
282 329 0
283 331 0
283 332 0
284 333 0
284 333 0
284 334 0
285 335 10
285 335 11
285 332 0
285 334 0
286 336 0
286 337 0
286 338 0
287 339 10
287 339 11
287 338 0
287 338 0
287 338 0
288 335 0
288 335 0
288 339 0
288 340 0
289 341 15
289 341 16
289 340 0
290 341 0
291 331 8
291 342 0
292 333 8
293 336 8
293 343 0
294 337 8
294 344 0
295 345 0
297 346 0
297 347 0
298 348 0
298 349 0
299 350 13
299 350 14
299 347 0
299 348 0
300 350 0
300 350 0
300 350 0
300 351 0
301 342 1
301 345 9
301 352 0
301 352 0
302 343 1
302 346 9
302 353 0
303 344 1
303 349 9
303 354 0
303 354 0
304 352 7
304 352 5
304 352 6
304 355 0
305 353 7
305 353 5
305 353 6
305 356 0
305 356 0
306 354 7
306 354 5
306 354 6
306 357 0
307 358 8
307 359 0
308 360 13
308 360 14
308 361 0
309 359 1
309 361 9
309 362 0
309 362 0
310 362 5
310 362 6
310 356 0
310 363 0
311 363 4
311 364 0
311 364 0
312 364 0
313 358 0
313 365 0
314 360 0
315 366 0
316 367 10
316 367 11
316 365 0
316 366 0
318 367 0
318 367 0
318 367 0
318 368 0
321 369 17
322 369 0
322 369 0
322 370 0
323 371 0
324 372 17
324 371 0
324 371 0
327 373 0
328 373 15
328 373 16
328 374 0
329 375 0
330 375 15
330 375 16
330 376 0
331 377 0
331 378 0
332 379 10
332 379 11
332 377 0
333 380 0
334 381 10
334 381 11
334 380 0
334 380 0
335 379 0
335 381 0
335 382 0
336 383 0
336 384 0
337 385 0
337 386 0
338 387 10
338 387 11
338 384 0
338 386 0
339 387 0
339 387 0
339 387 0
339 388 0
340 389 15
340 389 16
340 382 0
340 382 0
340 388 0
341 389 0
342 378 8
342 390 0
342 390 0
343 383 8
343 391 0
344 385 8
344 392 0
344 392 0
345 393 0
345 393 0
346 394 0
346 395 0
347 396 13
347 396 14
347 394 0
348 397 13
348 397 14
349 398 0
349 398 0
350 396 0
350 397 0
350 399 0
351 400 18
351 400 19
351 399 0
351 399 0
351 399 0
351 401 0
352 390 1
352 393 9
352 402 0
353 391 1
353 395 9
353 403 0
353 403 0
354 392 1
354 398 9
354 404 0
355 402 7
355 402 5
355 402 6
355 405 0
355 405 0
356 403 7
356 403 5
356 403 6
356 406 0
357 404 7
357 404 5
357 404 6
357 407 0
357 407 0
357 408 0
358 409 0
358 410 0
359 410 8
359 411 0
359 411 0
360 412 0
361 412 13
361 412 14
361 413 0
361 413 0
362 411 1
362 413 9
362 414 0
363 414 5
363 414 6
363 415 0
363 415 0
363 406 0
364 415 4
365 416 10
365 416 11
365 409 0
366 417 10
366 417 11
367 416 0
367 417 0
367 418 0
368 419 15
368 419 16
368 418 0
368 418 0
368 418 0
369 420 0
370 420 0
370 420 0
370 421 0
371 422 17
372 422 0
372 422 0
372 423 0
373 424 0
374 424 15
374 424 16
374 425 0
375 426 0
376 426 15
376 426 16
376 427 0
377 428 10
377 428 11
378 429 0
378 429 0
379 428 0
379 430 0
380 431 10
380 431 11
381 431 0
381 431 0
381 432 0
382 433 15
382 433 16
382 430 0
382 432 0
383 434 0
383 435 0
384 436 10
384 436 11
384 434 0
385 437 0
385 437 0
385 438 0
386 439 10
386 439 11
386 438 0
387 436 0
387 439 0
387 440 0
388 441 15
388 441 16
388 440 0
388 440 0
388 440 0
389 433 0
389 433 0
389 441 0
390 429 8
390 442 0
391 435 8
391 443 0
391 443 0
392 437 8
392 444 0
393 445 0
394 446 13
394 446 14
394 447 0
395 448 0
395 448 0
395 447 0
396 446 0
396 449 0
397 450 0
398 451 0
399 452 18
399 452 19
399 449 0
399 450 0
400 453 1
400 452 0
400 452 0
400 452 0
400 454 0
401 454 18
401 454 19
401 455 0
401 455 0
401 456 0
402 442 1
402 445 9
402 457 0
402 457 0
403 443 1
403 448 9
403 458 0
404 444 1
404 451 9
404 459 0
404 459 0
405 457 7
405 457 5
405 457 6
406 458 7
406 458 5
406 458 6
406 460 0
406 460 0
407 459 7
407 459 5
407 459 6
407 461 0
407 462 0
408 463 5
408 463 6
408 462 0
408 462 0
408 464 0
409 465 10
409 465 11
410 466 0
410 466 0
411 466 8
411 467 0
412 468 0
412 468 0
413 468 13
413 468 14
413 469 0
414 467 1
414 469 9
414 470 0
414 470 0
415 470 5
415 470 6
415 460 0
416 465 0
416 471 0
417 472 0
418 473 15
418 473 16
418 471 0
418 472 0
419 473 0
419 473 0
419 473 0
421 474 0
422 475 0
423 475 0
423 475 0
423 476 0
425 477 0
426 478 0
427 478 15
427 478 16
427 479 0
428 480 0
429 481 0
430 482 15
430 482 16
430 480 0
431 483 0
432 484 15
432 484 16
432 483 0
432 483 0
433 482 0
433 484 0
434 485 10
434 485 11
435 486 0
435 486 0
436 485 0
436 487 0
437 488 0
437 489 0
438 490 10
438 490 11
438 489 0
438 489 0
439 490 0
439 491 0
440 492 15
440 492 16
440 487 0
440 491 0
441 492 0
441 492 0
441 492 0
442 481 8
442 493 0
442 493 0
443 486 8
443 494 0
444 488 8
444 495 0
444 495 0
445 496 0
445 496 0
446 497 0
446 498 0
447 498 13
447 498 14
447 499 0
447 499 0
448 499 0
448 500 0
449 501 18
449 501 19
449 497 0
450 502 18
450 502 19
450 503 0
451 504 0
451 504 0
451 505 0
452 506 1
452 501 0
452 502 0
453 506 0
453 506 0
453 506 0
453 507 0
454 507 1
454 508 0
454 508 0
454 509 0
455 508 18
455 508 19
455 510 0
455 511 0
456 509 18
456 509 19
456 512 0
456 512 0
456 512 0
456 300 0
457 493 1
457 496 9
458 494 1
458 500 9
458 513 0
458 513 0
459 495 1
459 504 9
459 514 0
460 513 7
460 513 5
460 513 6
461 514 7
461 514 5
461 514 6
461 515 0
462 516 5
462 516 6
462 515 0
462 517 0
463 518 1
463 519 9
463 516 0
463 516 0
464 520 7
464 520 5
464 520 6
464 517 0
464 517 0
464 306 0
465 521 0
466 522 0
467 522 8
467 523 0
467 523 0
468 524 0
469 524 13
469 524 14
469 525 0
469 525 0
470 523 1
470 525 9
471 526 15
471 526 16
471 521 0
472 527 15
472 527 16
473 526 0
473 527 0
474 528 0
474 528 0
474 322 0
476 529 0
477 530 15
477 530 16
477 328 0
479 531 0
480 532 15
480 532 16
480 533 0
481 534 0
481 534 0
481 535 0
482 532 0
483 536 15
483 536 16
484 536 0
484 536 0
485 537 0
486 538 0
487 539 15
487 539 16
487 537 0
488 540 0
488 540 0
488 541 0
489 542 10
489 542 11
489 541 0
490 542 0
490 542 0
490 543 0
491 544 15
491 544 16
491 543 0
492 539 0
492 544 0
493 534 8
494 538 8
494 545 0
494 545 0
495 540 8
495 546 0
497 547 18
497 547 19
497 548 0
498 549 0
498 549 0
498 548 0
499 549 13
499 549 14
499 550 0
500 551 0
500 551 0
500 550 0
501 552 1
501 547 0
502 553 1
502 554 0
503 554 18
503 554 19
503 555 0
503 555 0
504 556 0
504 557 0
505 558 13
505 558 14
505 557 0
505 557 0
506 552 0
506 553 0
507 559 0
507 559 0
507 560 0
508 559 1
508 561 0
508 562 0
509 560 1
509 563 0
509 563 0
509 563 0
510 561 18
510 561 19
510 564 0
511 562 18
511 562 19
511 565 0
511 565 0
512 563 18
512 563 19
512 566 0
512 567 0
512 350 0
513 545 1
513 551 9
514 546 1
514 556 9
515 568 5
515 568 6
515 569 0
516 570 1
516 571 9
516 568 0
517 572 7
517 572 5
517 572 6
517 569 0
518 573 8
518 570 0
518 570 0
519 574 13
519 574 14
519 571 0
519 571 0
520 575 1
520 576 9
520 572 0
520 572 0
520 354 0
521 577 15
521 577 16
521 578 0
522 579 0
522 579 0
522 580 0
523 579 8
524 581 0
524 581 0
525 581 13
525 581 14
526 577 0
528 369 0
529 582 0
529 582 0
529 372 0
530 373 0
531 583 15
531 583 16
531 376 0
532 584 0
533 584 15
533 584 16
533 585 0
533 585 0
534 586 0
535 587 10
535 587 11
535 586 0
535 586 0
537 588 15
537 588 16
537 589 0
538 590 0
538 590 0
538 591 0
539 588 0
540 592 0
540 593 0
541 594 10
541 594 11
541 593 0
541 593 0
542 594 0
542 595 0
543 596 15
543 596 16
543 595 0
543 595 0
544 596 0
545 590 8
546 592 8
547 597 1
547 598 0
548 598 18
548 598 19
548 599 0
548 599 0
549 599 0
549 600 0
550 600 13
550 600 14
550 601 0
550 601 0
551 601 0
552 597 0
553 602 0
554 602 1
554 603 2
554 604 0
554 604 0
555 604 18
555 604 19
555 605 0
556 606 0
557 607 13
557 607 14
557 606 0
557 608 0
558 607 0
558 607 0
558 605 0
559 609 0
559 610 0
560 611 0
560 611 0
560 611 0
561 609 1
561 612 0
562 610 1
562 613 0
562 613 0
563 611 1
563 614 0
563 615 0
564 612 18
564 612 19
564 616 0
565 613 18
565 613 19
566 614 18
566 614 19
566 617 0
566 396 0
567 615 18
567 615 19
567 397 0
567 618 0
568 619 1
568 620 9
569 621 7
569 621 5
569 621 6
570 622 8
570 619 0
571 623 13
571 623 14
571 620 0
572 624 1
572 625 9
572 621 0
573 622 0
573 622 0
573 626 0
574 623 0
574 623 0
575 627 8
575 624 0
575 624 0
575 392 0
576 625 0
576 625 0
576 628 0
576 398 0
577 629 0
578 629 15
578 629 16
578 630 0
578 630 0
579 631 0
580 632 10
580 632 11
580 631 0
580 631 0
582 422 0
583 426 0
584 633 0
584 633 0
585 633 15
585 633 16
585 634 0
586 635 10
586 635 11
587 635 0
587 635 0
587 634 0
588 636 0
589 636 15
589 636 16
589 637 0
589 637 0
590 638 0
591 639 10
591 639 11
591 638 0
591 638 0
592 640 0
593 641 10
593 641 11
593 640 0
594 641 0
594 641 0
594 642 0
595 643 15
595 643 16
595 642 0
596 643 0
596 643 0
597 644 0
598 644 1
598 645 0
598 645 0
599 645 18
599 645 19
599 646 0
600 647 0
600 647 0
600 646 0
601 647 13
601 647 14
602 648 0
602 648 0
603 649 0
603 649 0
604 648 1
604 649 2
604 650 0
605 650 18
605 650 19
605 651 0
605 651 0
606 652 13
606 652 14
607 652 0
607 653 0
607 651 0
608 653 13
608 653 14
609 654 0
610 655 0
610 655 0
611 656 0
611 657 0
612 654 1
612 658 0
613 655 1
614 656 1
614 659 0
615 657 1
615 660 0
616 658 18
616 658 19
616 661 0
616 661 0
617 659 18
617 659 19
617 446 0
617 662 0
618 660 18
618 660 19
618 663 0
618 663 0
619 664 8
620 665 13
620 665 14
621 666 1
621 667 9
622 664 0
622 668 0
623 665 0
624 669 8
624 666 0
625 667 0
625 670 0
626 671 10
626 671 11
626 668 0
626 668 0
627 669 0
627 669 0
627 437 0
627 672 0
628 673 13
628 673 14
628 670 0
628 670 0
629 674 0
629 674 0
630 674 15
630 674 16
630 675 0
631 676 10
631 676 11
632 676 0
632 676 0
632 675 0
633 677 0
634 677 15
634 677 16
634 678 0
634 678 0
635 678 0
636 679 0
636 679 0
637 679 15
637 679 16
637 680 0
638 681 10
638 681 11
639 681 0
639 681 0
639 680 0
640 682 10
640 682 11
641 682 0
641 683 0
642 684 15
642 684 16
642 683 0
642 683 0
643 684 0
644 685 0
644 685 0
645 685 1
645 686 0
646 686 18
646 686 19
646 687 0
646 687 0
647 687 0
648 688 0
649 689 0
650 688 1
650 689 2
650 690 0
650 690 0
651 690 18
651 690 19
651 691 0
651 692 0
652 691 0
653 692 0
654 693 0
656 694 0
657 695 0
658 693 1
658 696 0
658 696 0
659 694 1
659 697 0
660 695 1
660 698 2
660 699 0
660 699 0
661 696 18
661 696 19
661 700 0
662 697 18
662 697 19
662 701 0
662 701 0
662 498 0
663 699 18
663 699 19
663 702 0
664 703 0
666 704 8
667 705 0
668 706 10
668 706 11
668 703 0
669 704 0
669 707 0
670 708 13
670 708 14
670 705 0
670 709 0
671 706 0
671 706 0
671 710 0
672 711 10
672 711 11
672 707 0
672 707 0
672 489 0
673 708 0
673 708 0
673 712 0
674 713 0
675 713 15
675 713 16
675 714 0
675 714 0
676 714 0
677 715 0
677 715 0
678 715 15
678 715 16
679 716 0
680 716 15
680 716 16
680 717 0
680 717 0
681 717 0
682 718 0
683 719 15
683 719 16
683 718 0
684 719 0
684 719 0
685 720 0
686 720 1
686 721 0
686 721 0
687 721 18
687 721 19
688 722 0
688 722 0
689 723 0
689 723 0
689 724 0
690 722 1
690 723 2
690 725 0
690 726 0
691 725 18
691 725 19
692 726 18
692 726 19
692 727 0
693 728 0
693 728 0
694 729 0
695 730 0
695 730 0
696 728 1
696 731 0
697 729 1
697 732 0
697 732 0
698 733 0
698 733 0
699 730 1
699 733 2
699 734 0
700 731 18
700 731 19
700 735 0
700 735 0
701 732 18
701 732 19
701 549 0
701 736 0
702 734 18
702 734 19
702 737 0
702 737 0
702 558 0
703 738 10
703 738 11
704 739 0
705 740 13
705 740 14
706 738 0
706 741 0
707 742 10
707 742 11
707 739 0
708 740 0
708 743 0
708 744 0
709 743 13
709 743 14
710 745 15
710 745 16
710 741 0
710 741 0
711 742 0
711 742 0
711 542 0
711 746 0
712 747 18
712 747 19
712 744 0
712 744 0
712 555 0
713 748 0
713 748 0
714 748 15
714 748 16
716 749 0
716 749 0
717 749 15
717 749 16
718 750 15
718 750 16
719 750 0
720 751 0
720 751 0
721 751 1
722 752 0
722 753 0
723 754 0
723 755 0
723 756 0
724 757 4
724 756 0
724 756 0
725 752 1
725 754 2
726 753 1
726 755 2
726 758 0
727 758 18
727 758 19
727 759 0
728 760 0
729 761 0
729 761 0
730 762 0
731 760 1
731 763 0
731 763 0
732 761 1
732 764 0
733 765 0
734 762 1
734 765 2
734 766 0
734 766 0
735 763 18
735 763 19
736 764 18
736 764 19
736 767 0
736 767 0
736 600 0
737 766 18
737 766 19
737 768 0
737 607 0
738 769 0
739 770 10
739 770 11
740 771 0
741 772 15
741 772 16
741 769 0
742 770 0
742 773 0
743 774 0
744 775 18
744 775 19
744 771 0
744 774 0
745 772 0
745 772 0
746 776 15
746 776 16
746 773 0
746 773 0
746 595 0
747 777 1
747 775 0
747 775 0
747 604 0
753 778 0
754 779 0
755 780 0
755 781 0
756 782 4
756 779 0
756 780 0
757 783 5
757 783 6
757 782 0
757 782 0
757 784 0
758 778 1
758 781 2
758 785 0
759 785 18
759 785 19
759 786 0
759 786 0
759 787 0
760 788 0
760 788 0
761 789 0
762 790 0
762 790 0
763 788 1
764 789 1
764 791 0
764 791 0
765 792 0
765 792 0
765 793 0
766 790 1
766 792 2
766 794 0
767 791 18
767 791 19
767 647 0
768 794 18
768 794 19
768 652 0
769 795 15
769 795 16
770 796 0
771 797 18
771 797 19
772 795 0
773 798 15
773 798 16
773 796 0
774 799 18
774 799 19
774 800 0
775 801 1
775 797 0
775 799 0
776 798 0
776 798 0
776 643 0
777 801 0
777 801 0
777 648 0
778 802 0
779 803 4
780 804 4
781 805 0
782 806 5
782 806 6
782 803 0
782 804 0
782 807 0
783 806 0
783 806 0
784 808 7
784 808 5
784 808 6
784 807 0
784 807 0
784 809 0
785 802 1
785 805 2
785 810 0
785 810 0
785 811 0
786 810 18
786 810 19
787 811 18
787 811 19
787 812 0
787 812 0
787 812 0
787 813 0
789 814 0
789 814 0
790 815 0
791 814 1
792 816 0
792 817 0
793 818 4
793 817 0
793 817 0
794 815 1
794 816 2
796 819 15
796 819 16
797 820 1
798 819 0
799 821 1
799 822 0
800 822 18
800 822 19
800 823 0
801 820 0
801 821 0
802 824 0
802 824 0
802 825 0
803 826 5
803 826 6
803 827 0
804 828 5
804 828 6
804 829 0
805 830 0
805 830 0
805 831 0
806 826 0
806 828 0
807 832 7
807 832 5
807 832 6
807 827 0
807 829 0
808 832 0
808 832 0
808 833 0
809 833 7
809 833 5
809 833 6
809 834 0
810 824 1
810 830 2
811 825 1
811 831 2
811 835 0
811 835 0
811 835 0
812 835 18
812 835 19
812 836 0
813 836 0
813 836 0
813 836 0
813 837 0
816 838 0
817 839 4
817 838 0
818 840 5
818 840 6
818 839 0
818 839 0
818 841 0
821 842 0
822 842 1
822 843 0
823 843 18
823 843 19
823 844 0
823 844 0
823 845 0
825 846 0
825 846 0
825 846 0
827 847 7
827 847 5
827 847 6
829 848 7
829 848 5
829 848 6
829 849 0
831 850 0
831 850 0
831 850 0
831 851 0
832 847 0
832 848 0
833 852 0
834 852 7
834 852 5
834 852 6
834 853 0
834 853 0
834 757 0
835 846 1
835 850 2
836 854 0
837 855 18
837 855 19
837 854 0
837 854 0
837 854 0
837 759 0
838 856 4
839 857 5
839 857 6
839 856 0
839 858 0
840 859 9
840 857 0
840 857 0
841 860 7
841 860 5
841 860 6
841 858 0
841 858 0
841 861 0
842 862 0
843 862 1
843 863 0
843 863 0
843 864 0
844 863 18
844 863 19
844 865 0
845 864 18
845 864 19
845 866 0
845 866 0
845 866 0
845 867 0
848 868 0
849 868 7
849 868 5
849 868 6
849 869 0
850 870 0
851 871 4
851 870 0
851 870 0
851 870 0
852 872 0
852 872 0
853 872 7
853 872 5
853 872 6
853 873 0
853 874 0
853 782 0
854 875 18
854 875 19
855 876 1
855 877 2
855 875 0
855 875 0
855 875 0
855 785 0
856 878 5
856 878 6
856 879 0
857 880 9
857 878 0
858 881 7
858 881 5
858 881 6
858 879 0
859 882 13
859 882 14
859 880 0
859 880 0
860 883 9
860 881 0
860 881 0
860 884 0
861 884 7
861 884 5
861 884 6
861 885 0
862 886 0
862 886 0
862 887 0
863 886 1
863 888 0
864 887 1
864 889 0
864 889 0
864 889 0
865 888 18
865 888 19
865 890 0
865 890 0
866 889 18
866 889 19
866 891 0
866 892 0
867 892 0
867 892 0
867 892 0
867 893 0
868 894 9
868 895 0
869 895 7
869 895 5
869 895 6
869 896 0
869 896 0
869 897 0
870 898 4
870 899 0
871 900 5
871 900 6
871 898 0
871 898 0
871 898 0
871 897 0
872 901 0
872 902 0
873 901 7
873 901 5
873 901 6
873 803 0
874 902 7
874 902 5
874 902 6
874 804 0
874 903 0
875 904 1
875 905 2
876 904 0
876 904 0
876 904 0
876 802 0
877 905 0
877 905 0
877 905 0
877 906 0
877 805 0
878 907 9
879 908 7
879 908 5
879 908 6
880 909 13
880 909 14
880 907 0
881 910 9
881 908 0
882 909 0
882 909 0
883 910 0
883 910 0
883 911 0
883 912 0
884 912 9
884 913 0
885 913 7
885 913 5
885 913 6
885 914 0
885 914 0
885 818 0
886 915 0
887 916 0
887 916 0
887 916 0
888 915 1
888 917 0
888 917 0
889 916 1
889 918 0
890 917 18
890 917 19
891 918 18
891 918 19
891 919 0
891 920 0
892 919 0
892 921 0
893 922 18
893 922 19
893 921 0
893 921 0
893 921 0
893 823 0
894 923 0
895 923 9
895 924 0
895 924 0
895 925 0
896 924 7
896 924 5
896 924 6
896 926 0
897 925 7
897 925 5
897 925 6
897 927 0
897 927 0
897 927 0
898 928 5
898 928 6
898 929 0
898 927 0
899 929 4
900 930 9
900 928 0
900 928 0
900 928 0
902 931 0
903 931 7
903 931 5
903 931 6
903 932 0
905 933 0
906 934 4
906 933 0
906 933 0
906 933 0
907 935 13
907 935 14
908 936 9
909 935 0
910 936 0
910 937 0
911 938 13
911 938 14
911 937 0
911 937 0
912 939 0
913 939 9
913 940 0
913 940 0
914 940 7
914 940 5
914 940 6
914 941 0
914 839 0
915 942 0
915 942 0
916 943 0
917 942 1
918 943 1
918 944 0
919 945 0
920 944 18
920 944 19
920 946 0
920 946 0
921 947 18
921 947 19
921 945 0
922 948 1
922 947 0
922 947 0
922 947 0
922 843 0
923 949 0
923 949 0
923 950 0
924 949 9
924 951 0
925 950 9
925 952 0
925 952 0
925 952 0
926 951 7
926 951 5
926 951 6
926 953 0
926 953 0
927 952 7
927 952 5
927 952 6
927 954 0
928 955 9
928 956 0
929 956 5
929 956 6
929 954 0
930 957 13
930 957 14
930 955 0
930 955 0
930 955 0
931 958 9
931 959 0
932 959 7
932 959 5
932 959 6
932 960 0
932 960 0
932 961 0
933 962 4
933 963 0
934 964 5
934 964 6
934 962 0
934 962 0
934 962 0
934 965 0
936 966 0
937 967 13
937 967 14
937 966 0
937 968 0
938 967 0
938 967 0
938 969 0
939 970 0
939 970 0
939 971 0
940 970 9
940 972 0
941 972 7
941 972 5
941 972 6
941 856 0
943 973 0
944 973 1
944 974 2
944 975 0
944 975 0
945 976 18
945 976 19
945 977 0
946 975 18
946 975 19
946 978 0
947 979 1
947 976 0
948 979 0
948 979 0
948 979 0
948 862 0
949 980 0
950 981 0
950 981 0
950 981 0
950 982 0
951 980 9
951 983 0
951 983 0
952 981 9
952 984 0
953 983 7
953 983 5
953 983 6
954 984 7
954 984 5
954 984 6
954 985 0
955 986 13
955 986 14
955 987 0
956 987 9
957 986 0
957 986 0
957 986 0
958 988 0
959 988 9
959 989 0
959 989 0
959 990 0
960 989 7
960 989 5
960 989 6
961 990 7
961 990 5
961 990 6
961 991 0
961 991 0
961 991 0
961 871 0
962 992 5
962 992 6
962 993 0
962 994 0
963 993 4
964 992 0
964 992 0
964 992 0
965 995 7
965 995 5
965 995 6
965 994 0
965 994 0
965 994 0
965 869 0
966 996 13
966 996 14
967 996 0
967 997 0
967 998 0
968 997 13
968 997 14
969 999 18
969 999 19
969 998 0
969 998 0
969 1000 0
970 1001 0
970 1002 0
971 1003 13
971 1003 14
971 1002 0
971 1002 0
972 1001 9
973 1004 0
973 1004 0
974 1005 0
974 1005 0
975 1004 1
975 1005 2
975 1006 0
976 1007 1
976 1008 0
977 1008 18
977 1008 19
977 1009 0
977 1009 0
978 1006 18
978 1006 19
978 1010 0
978 1010 0
978 1011 0
979 1007 0
980 1012 0
980 1012 0
981 1013 0
981 1014 0
982 1015 13
982 1015 14
982 1014 0
982 1014 0
982 1014 0
983 1012 9
984 1013 9
984 1016 0
985 1016 7
985 1016 5
985 1016 6
985 1017 0
985 1017 0
986 1018 0
987 1018 13
987 1018 14
988 1019 0
988 1019 0
988 1020 0
989 1019 9
990 1020 9
990 1021 0
990 1021 0
990 1021 0
991 1021 7
991 1021 5
991 1021 6
991 898 0
992 1022 0
993 1022 5
993 1022 6
993 1023 0
994 1024 7
994 1024 5
994 1024 6
994 1023 0
995 1024 0
995 1024 0
995 1024 0
995 895 0
996 1025 0
997 1026 0
998 1027 18
998 1027 19
998 1025 0
998 1026 0
999 1027 0
999 1027 0
999 1028 0
1000 1028 18
1000 1028 19
1000 1029 0
1001 1030 0
1002 1031 13
1002 1031 14
1002 1030 0
1002 1032 0
1003 1031 0
1003 1031 0
1003 1029 0
1004 1033 0
1005 1034 0
1006 1033 1
1006 1034 2
1006 1035 0
1006 1035 0
1007 1036 0
1008 1036 1
1008 1037 2
1008 1038 0
1008 1038 0
1009 1038 18
1009 1038 19
1009 1039 0
1010 1035 18
1010 1035 19
1010 1040 0
1011 1040 0
1011 1040 0
1011 1039 0
1013 1041 0
1013 1042 0
1014 1043 13
1014 1043 14
1014 1041 0
1015 1043 0
1015 1043 0
1015 1043 0
1015 1044 0
1016 1042 9
1016 1045 0
1016 1045 0
1017 1045 7
1017 1045 5
1017 1045 6
1017 1046 0
1020 1047 0
1020 1047 0
1020 1047 0
1020 1048 0
1021 1047 9
1023 1049 7
1023 1049 5
1023 1049 6
1023 1050 0
1024 1049 0
1025 1051 18
1025 1051 19
1026 1052 18
1026 1052 19
1026 1053 0
1027 1051 0
1027 1052 0
1028 1054 0
1029 1054 18
1029 1054 19
1029 1055 0
1029 1055 0
1030 1056 13
1030 1056 14
1031 1056 0
1031 1057 0
1031 1055 0
1032 1057 13
1032 1057 14
1033 1058 0
1033 1058 0
1034 1059 0
1034 1059 0
1034 1060 0
1035 1058 1
1035 1059 2
1036 1061 0
1036 1061 0
1037 1062 0
1037 1062 0
1038 1061 1
1038 1062 2
1038 1063 0
1039 1063 18
1039 1063 19
1039 1064 0
1039 1064 0
1040 1064 0
1041 1065 13
1041 1065 14
1042 1066 0
1042 1066 0
1043 1065 0
1043 1067 0
1044 1068 18
1044 1068 19
1044 1067 0
1044 1067 0
1044 1067 0
1044 1069 0
1045 1066 9
1045 1070 0
1046 1070 7
1046 1070 5
1046 1070 6
1046 1071 0
1046 1071 0
1046 1072 0
1047 1073 0
1048 1074 13
1048 1074 14
1048 1073 0
1048 1073 0
1048 1073 0
1049 1075 0
1050 1075 7
1050 1075 5
1050 1075 6
1050 1076 0
1050 1076 0
1052 1077 0
1053 1077 18
1053 1077 19
1053 1069 0
1054 1078 0
1054 1078 0
1055 1078 18
1055 1078 19
1055 1079 0
1055 1080 0
1056 1079 0
1057 1080 0
1059 1081 0
1060 1072 4
1060 1081 0
1060 1081 0
1061 1082 0
1062 1083 0
1063 1082 1
1063 1083 2
1063 1084 0
1063 1084 0
1064 1084 18
1064 1084 19
1065 1085 0
1066 1086 0
1067 1087 18
1067 1087 19
1067 1085 0
1068 1087 0
1068 1087 0
1068 1087 0
1068 1088 0
1069 1088 18
1069 1088 19
1069 1089 0
1069 1089 0
1069 1090 0
1070 1086 9
1070 1091 0
1070 1091 0
1071 1091 7
1071 1091 5
1071 1091 6
1071 1092 0
1072 1093 5
1072 1093 6
1072 1092 0
1072 1092 0
1072 1094 0
1073 1095 13
1073 1095 14
1074 1095 0
1074 1095 0
1074 1095 0
1074 1096 0
1075 1097 0
1075 1097 0
1076 1097 7
1076 1097 5
1076 1097 6
1076 1098 0
1077 1088 0
1078 1099 0
1078 1100 0
1079 1099 18
1079 1099 19
1080 1100 18
1080 1100 19
1080 1101 0
1081 1092 4
1082 1102 0
1082 1102 0
1083 1103 0
1083 1103 0
1083 1104 0
1084 1102 1
1084 1103 2
1085 1105 18
1085 1105 19
1085 1106 0
1086 1107 0
1086 1107 0
1086 1108 0
1087 1105 0
1088 1109 0
1088 1109 0
1088 1110 0
1089 1109 18
1089 1109 19
1089 1111 0
1090 1110 18
1090 1110 19
1090 1112 0
1090 1112 0
1090 1112 0
1090 1015 0
1091 1107 9
1092 1113 5
1092 1113 6
1092 1114 0
1093 1115 9
1093 1113 0
1093 1113 0
1094 1116 7
1094 1116 5
1094 1116 6
1094 1114 0
1094 1114 0
1094 1017 0
1095 1117 0
1096 1118 18
1096 1118 19
1096 1117 0
1096 1117 0
1096 1117 0
1096 1119 0
1097 1120 0
1098 1120 7
1098 1120 5
1098 1120 6
1098 1121 0
1098 1121 0
1098 1122 0
1100 1123 0
1101 1123 18
1101 1123 19
1101 1119 0
1103 1124 0
1104 1122 4
1104 1124 0
1104 1124 0
1105 1125 0
1106 1125 18
1106 1125 19
1106 1126 0
1106 1126 0
1107 1127 0
1108 1128 13
1108 1128 14
1108 1127 0
1108 1127 0
1109 1129 0
1110 1130 0
1110 1130 0
1110 1130 0
1111 1129 18
1111 1129 19
1111 1131 0
1111 1131 0
1112 1130 18
1112 1130 19
1112 1132 0
1112 1043 0
1113 1133 9
1114 1134 7
1114 1134 5
1114 1134 6
1115 1135 13
1115 1135 14
1115 1133 0
1115 1133 0
1116 1136 9
1116 1134 0
1116 1134 0
1116 1045 0
1117 1137 18
1117 1137 19
1118 1137 0
1118 1137 0
1118 1137 0
1118 1138 0
1119 1138 18
1119 1138 19
1119 1139 0
1119 1139 0
1119 1140 0
1120 1141 0
1120 1141 0
1121 1141 7
1121 1141 5
1121 1141 6
1121 1142 0
1122 1143 5
1122 1143 6
1122 1142 0
1122 1142 0
1122 1144 0
1123 1138 0
1124 1142 4
1125 1145 0
1125 1145 0
1126 1145 18
1126 1145 19
1126 1146 0
1127 1147 13
1127 1147 14
1128 1147 0
1128 1147 0
1128 1146 0
1129 1148 0
1129 1148 0
1130 1149 0
1131 1148 18
1131 1148 19
1132 1149 18
1132 1149 19
1132 1065 0
1132 1150 0
1133 1151 13
1133 1151 14
1134 1152 9
1135 1151 0
1135 1151 0
1136 1152 0
1136 1152 0
1136 1153 0
1136 1066 0
1138 1154 0
1138 1154 0
1138 1155 0
1139 1154 18
1139 1154 19
1140 1155 18
1140 1155 19
1140 1156 0
1140 1156 0
1140 1156 0
1140 1074 0
1142 1157 5
1142 1157 6
1142 1158 0
1143 1157 0
1143 1157 0
1144 1159 7
1144 1159 5
1144 1159 6
1144 1158 0
1144 1158 0
1144 1076 0
1145 1160 0
1146 1160 18
1146 1160 19
1146 1161 0
1146 1161 0
1147 1161 0
1149 1162 0
1150 1162 18
1150 1162 19
1150 1163 0
1150 1163 0
1152 1164 0
1153 1165 13
1153 1165 14
1153 1164 0
1153 1164 0
1155 1166 0
1155 1166 0
1155 1166 0
1156 1166 18
1156 1166 19
1156 1095 0
1158 1167 7
1158 1167 5
1158 1167 6
1159 1167 0
1159 1167 0
1159 1097 0
1160 1168 0
1160 1168 0
1161 1168 18
1161 1168 19
1162 1169 0
1162 1169 0
1163 1169 18
1163 1169 19
1163 1170 0
1164 1171 13
1164 1171 14
1165 1171 0
1165 1171 0
1165 1172 0
1169 1173 0
1170 1173 18
1170 1173 19
1170 1174 0
1170 1174 0
1170 1128 0
1171 1175 0
1172 1176 18
1172 1176 19
1172 1175 0
1172 1175 0
1172 1126 0
1173 1177 0
1173 1177 0
1174 1177 18
1174 1177 19
1174 1147 0
1175 1178 18
1175 1178 19
1176 1178 0
1176 1178 0
1176 1145 0
43
1 0
12 1 65 35 66 7 8 47 48 112 21 87 88
46 257 2 9 10 649 905 781 1034 1037 22 23 792 26 160 162 1059 805 1062 40 816 689 55 56 312 698 1083 831 203 76 77 206 974 1103 850 723 603 733 99 100 877 1005 754 755 765 126 127
36 3 4 134 135 650 14 1038 785 660 28 1063 170 43 44 171 554 811 944 690 59 60 699 975 81 82 726 855 216 604 734 105 106 1006 1008 758 766
184 1024 1027 1028 5 6 1033 1036 526 15 16 17 18 530 532 1049 539 1052 1054 31 544 34 1061 552 553 1068 45 46 559 560 1075 1077 1078 1082 61 62 63 64 577 1087 1088 583 584 1097 588 1100 1105 83 596 84 85 86 597 1109 602 1110 1118 1120 609 610 611 1123 1125 1129 1130 107 108 109 110 1138 629 1143 633 1145 636 1149 643 644 1155 1159 136 137 138 139 648 1160 654 1162 656 657 1169 1173 1176 674 677 679 172 173 174 175 684 685 688 693 694 695 713 716 719 720 722 213 728 217 218 219 220 729 730 230 745 753 760 761 762 772 776 265 777 778 268 270 783 789 790 279 282 798 801 290 802 806 808 821 825 832 833 327 329 842 848 852 341 862 872 876 373 886 375 887 389 902 915 916 419 426 943 433 948 441 964 453 973 979 473 992 482 995 484 999 492 1004 1007 506 507
19 128 256 906 11 24 793 161 1060 933 817 311 205 78 1104 851 724 101 870 756
11 835 266 810 12 13 875 1035 725 215 794 1084
2 19 20
12 130 899 36 37 838 963 1124 779 364 780 25 1081
34 129 898 515 782 408 27 415 929 163 803 165 38 39 804 934 1072 49 50 818 310 962 1092 839 204 462 856 993 1122 102 871 363 757 1142 255
53 1154 901 1157 904 267 269 1166 527 655 1167 1168 275 788 277 536 1177 1178 795 1051 29 30 32 33 1058 424 814 815 942 819 820 824 826 828 319 320 325 326 715 1099 846 847 1102 478 233 748 749 750 751 752 1137 1141 1148 1022
42 764 645 775 400 658 659 918 922 799 547 41 686 561 562 51 563 947 822 696 697 58 452 454 72 74 843 976 598 731 732 863 864 612 614 615 747 501 502 888 889 508 509
65 896 897 517 903 784 914 406 407 1046 1050 157 158 159 926 927 932 807 809 42 941 1071 304 305 306 52 1076 54 954 829 961 834 965 1094 199 201 202 75 841 461 1098 464 849 853 985 858 861 991 1121 98 355 356 357 869 994 873 874 124 885 1144 1017 250 251 252 125 1023
11 67 69 613 721 53 917 791 90 763 92 797
37 258 390 391 392 518 153 411 291 293 166 294 307 57 442 443 444 570 575 192 193 71 80 208 467 342 343 344 94 96 359 494 239 240 241 495 624 121
12 960 68 70 1158 200 953 460 879 405 569 1114 827
13 545 546 292 261 73 523 619 493 114 116 89 666 91
50 385 260 522 144 146 534 151 664 410 283 284 538 286 540 669 429 435 437 313 315 189 573 704 579 331 333 590 79 336 337 466 211 592 93 95 481 358 486 104 488 234 235 622 113 115 627 118 120 378 383
32 131 516 520 402 403 404 155 156 414 164 301 302 303 309 572 196 197 198 458 459 207 463 352 97 353 354 362 246 248 249 123 254
28 384 386 133 264 149 535 152 668 285 541 287 672 438 316 190 707 580 332 334 591 593 338 103 489 236 365 626 117
6 224 141 142 111 177 179
18 640 739 631 377 409 586 366 143 145 434 148 181 119 183 187 380 638 703
50 1152 393 395 398 910 912 1042 1047 154 667 923 295 551 297 298 936 556 939 1066 949 950 445 958 1086 448 576 194 195 451 970 1107 980 981 345 346 988 349 1001 1136 625 242 243 244 500 883 1013 504 122 1020 894
48 641 770 387 132 147 150 542 671 288 416 417 676 169 425 681 428 682 431 180 436 182 439 184 186 318 191 706 711 587 335 465 594 339 479 226 738 228 485 742 231 635 490 237 367 632 379 381 639
8 323 140 271 176 273 178 221 223
34 1153 259 519 394 911 1048 413 670 930 550 167 937 299 557 308 571 955 447 971 209 1108 469 982 347 859 1115 361 1002 880 499 628 245 1014 505
47 642 388 773 521 531 533 280 281 537 543 289 418 675 168 680 427 683 430 432 440 185 578 710 328 585 330 589 595 340 214 471 477 480 229 741 487 232 746 491 238 368 374 630 376 634 637 382
13 225 769 227 483 796 678 714 717 718 276 278 472 188
8 513 514 457 621 210 470 247 568
55 262 647 1031 396 397 524 652 653 909 1040 1043 1165 1171 919 412 1056 673 1057 549 1065 938 300 813 558 1074 314 957 446 574 708 836 967 1095 212 468 600 986 350 607 867 740 996 997 743 360 1128 1003 623 1135 498 882 1011 1015 1147 892
2 274 222
2 253 830
20 1030 263 1032 907 1164 525 1041 1073 705 709 966 968 601 987 348 606 608 1127 620 1133
2 272 324
4 296 496 1019 1012
6 581 935 665 1018 317 1151
2 321 371
12 322 421 422 423 582 528 369 370 529 372 474 476
90 512 1026 1029 1039 1044 1053 1055 548 555 1067 1069 564 566 567 1080 1085 1089 1090 1096 1101 1106 599 1111 1112 605 1119 1126 616 617 618 1132 1140 1146 1150 1156 646 651 1163 1170 1172 661 662 663 1174 692 700 701 702 712 727 736 737 744 759 767 768 774 787 800 812 823 837 844 845 351 865 866 891 893 399 401 920 921 945 946 449 450 455 456 969 977 978 998 1000 497 1009 1010 503 510 511
2 475 420
16 1025 771 1064 1161 1131 687 786 691 1139 565 854 1079 1175 890 1117 735
24 900 913 1045 924 925 928 931 940 1070 951 952 959 1093 840 984 857 860 1116 990 868 881 884 1016 895
10 1091 972 908 878 1134 1021 983 1113 956 989
0
0
