512
1
889
0 1 0
0 2 0
0 3 1
0 4 2
1 470 1
1 5 2
1 511 0
2 471 1
2 6 2
2 501 0
3 470 0
3 471 0
3 472 3
4 5 0
4 6 0
4 7 0
5 8 0
5 469 0
6 10 0
6 446 0
7 8 0
7 9 4
7 10 0
8 443 4
8 444 0
9 406 0
10 11 4
11 12 0
12 13 5
12 13 6
12 14 0
13 382 1
13 383 0
14 15 0
15 16 0
16 17 0
16 17 0
17 18 0
17 19 5
17 19 6
17 20 0
18 298 5
18 298 6
18 377 0
19 296 7
19 297 1
19 21 0
19 298 0
20 21 5
20 21 6
20 22 0
21 254 7
21 255 0
21 256 1
22 23 0
22 23 0
23 24 0
24 25 0
24 25 0
25 26 0
25 27 5
25 27 6
25 28 0
26 127 5
26 127 6
26 253 0
27 125 7
27 126 1
27 127 0
28 29 0
29 30 0
29 31 5
29 31 6
30 34 5
30 34 6
31 32 7
31 33 1
31 34 0
32 35 0
32 52 0
33 36 0
33 47 8
34 35 7
34 36 1
35 42 0
36 37 8
37 38 0
38 39 9
38 39 10
39 40 0
40 41 11
40 41 12
42 43 13
42 43 14
43 44 0
44 45 15
44 45 16
45 46 1
47 37 0
47 48 0
48 38 0
48 49 9
48 49 10
49 50 0
50 40 0
50 51 11
50 51 12
51 41 0
52 42 0
52 53 0
52 54 13
52 54 14
53 124 13
53 124 14
54 55 0
55 44 0
55 56 0
55 57 15
55 57 16
56 89 0
56 58 15
56 58 16
57 45 0
57 58 0
57 59 1
58 60 1
58 70 0
59 46 0
59 60 0
60 61 0
61 62 0
62 63 0
63 64 0
63 64 0
64 65 0
65 66 0
66 67 0
66 67 0
67 68 0
68 69 0
68 69 0
70 71 0
71 72 0
72 73 0
72 73 0
73 64 1
73 74 0
74 75 0
74 65 1
75 76 0
75 76 0
76 77 0
77 78 0
77 78 0
78 69 1
78 79 2
79 80 0
80 81 4
81 82 0
82 83 5
82 83 6
83 84 7
84 85 0
85 86 13
85 86 14
86 87 0
87 88 15
87 88 16
89 90 0
90 91 0
91 92 0
91 92 0
92 93 0
92 73 15
92 73 16
92 94 0
93 118 0
93 119 0
93 74 15
93 74 16
94 95 0
95 96 0
95 97 15
95 97 16
96 114 0
96 99 15
96 99 16
97 98 1
97 99 0
98 101 0
99 100 0
99 101 1
100 106 0
100 106 0
101 102 0
102 103 0
102 103 0
103 104 0
104 105 0
104 105 0
106 107 0
107 108 0
107 108 0
108 105 1
108 109 2
109 110 0
110 111 4
111 112 0
112 113 5
112 113 6
114 115 0
114 115 0
115 116 0
116 117 0
116 117 0
117 108 15
117 108 16
118 120 0
118 120 0
119 96 0
120 121 0
121 122 0
121 122 0
122 123 0
122 78 15
122 78 16
123 117 0
124 56 0
125 128 0
125 150 0
126 129 0
126 145 8
127 128 7
127 129 1
128 135 0
129 130 8
130 131 0
131 132 9
131 132 10
132 133 0
133 134 11
133 134 12
135 136 13
135 136 14
136 137 0
137 138 15
137 138 16
138 139 1
138 140 2
140 141 0
141 142 4
142 143 0
143 144 5
143 144 6
145 130 0
145 146 0
146 131 0
146 147 9
146 147 10
147 148 0
148 133 0
148 149 11
148 149 12
149 134 0
150 135 0
150 151 0
150 152 13
150 152 14
151 252 13
151 252 14
152 153 0
153 137 0
153 154 0
153 155 15
153 155 16
154 227 0
154 156 15
154 156 16
155 138 0
155 156 0
155 157 1
155 158 2
156 218 1
156 159 2
156 223 0
157 139 0
157 218 0
158 140 0
158 159 0
158 160 0
159 162 0
159 210 0
160 141 0
160 161 4
160 162 0
161 208 0
162 163 4
163 164 0
164 165 5
164 165 6
164 166 0
165 205 0
166 167 0
167 168 0
168 169 0
168 169 0
169 170 5
169 170 6
169 171 0
170 200 7
170 172 0
171 172 5
171 172 6
171 173 0
172 183 7
172 184 0
173 174 0
173 174 0
174 175 0
175 176 0
175 176 0
176 177 5
176 177 6
176 81 0
177 178 7
178 179 0
179 180 13
179 180 14
180 181 0
181 182 15
181 182 16
183 187 0
183 188 0
184 185 0
184 185 0
185 186 0
186 177 0
186 177 0
187 198 0
187 198 0
188 189 13
188 189 14
189 190 0
190 191 0
190 192 15
190 192 16
191 196 0
191 196 0
192 193 0
193 194 0
193 194 0
194 195 0
195 182 0
195 182 0
196 197 0
197 181 0
197 181 0
198 199 0
199 178 0
199 178 0
200 183 0
200 201 0
201 188 0
201 202 13
201 202 14
202 203 0
203 190 0
203 204 15
203 204 16
204 192 0
205 206 0
206 207 0
207 170 0
207 170 0
208 143 0
208 209 5
208 209 6
208 164 0
209 144 0
209 165 0
210 211 0
211 212 0
212 213 0
212 213 0
213 214 0
214 215 4
214 216 0
215 169 0
216 217 4
217 171 0
218 219 0
219 220 0
220 221 0
221 222 0
221 222 0
223 224 0
224 225 0
225 226 0
225 226 0
226 222 1
226 213 2
227 228 0
228 229 0
229 230 0
229 230 0
230 231 0
230 226 15
230 226 16
231 232 0
232 233 15
232 233 16
233 234 1
233 235 2
235 236 0
236 237 4
236 238 0
237 250 0
238 239 4
239 240 0
240 241 5
240 241 6
240 242 0
241 247 0
242 243 0
242 243 0
243 244 0
244 245 0
244 245 0
245 246 5
245 246 6
245 111 0
247 248 0
247 248 0
248 249 0
249 246 0
249 246 0
250 251 5
250 251 6
250 240 0
251 241 0
252 154 0
253 30 0
254 279 0
254 280 0
255 277 0
255 277 0
256 257 0
256 258 8
257 275 0
257 275 0
258 259 0
258 260 0
259 273 0
259 273 0
260 261 0
260 262 9
260 262 10
261 271 0
261 271 0
262 263 0
263 264 0
263 265 11
263 265 12
264 269 0
264 269 0
265 266 0
266 267 0
266 267 0
267 268 0
268 149 0
268 149 0
269 270 0
270 148 0
270 148 0
271 272 0
272 146 0
272 146 0
273 274 0
274 145 0
274 145 0
275 276 0
276 126 0
276 126 0
277 278 0
278 27 0
278 27 0
279 294 0
279 294 0
280 281 13
280 281 14
281 282 0
282 283 0
282 284 15
282 284 16
283 292 0
283 292 0
284 285 0
284 286 1
285 290 0
285 290 0
286 287 0
287 288 0
287 288 0
288 289 0
289 157 0
289 157 0
290 291 0
291 155 0
291 155 0
292 293 0
293 153 0
293 153 0
294 295 0
295 125 0
295 125 0
296 299 0
296 254 0
296 372 0
297 300 0
297 367 8
297 256 0
298 299 7
298 300 1
298 301 0
299 362 0
299 302 0
300 357 8
300 303 0
301 302 7
301 303 1
301 304 0
302 337 0
302 338 0
303 320 8
303 321 0
304 305 0
304 305 0
305 306 0
306 307 0
306 307 0
307 308 7
307 309 1
308 315 0
309 310 8
310 311 0
311 312 9
311 312 10
312 313 0
313 314 11
313 314 12
315 316 13
315 316 14
316 317 0
317 318 15
317 318 16
318 319 1
320 324 0
320 325 0
321 322 0
321 322 0
322 323 0
323 309 0
323 309 0
324 335 0
324 335 0
325 326 9
325 326 10
326 327 0
327 328 11
327 328 12
327 329 0
328 332 0
329 330 0
329 330 0
330 331 0
331 313 0
331 313 0
332 333 0
332 333 0
333 334 0
334 314 0
334 314 0
335 336 0
336 310 0
336 310 0
337 341 13
337 341 14
337 342 0
338 339 0
338 339 0
339 340 0
340 308 0
340 308 0
341 345 0
342 343 0
342 343 0
343 344 0
344 315 0
344 315 0
345 346 15
345 346 16
345 347 0
346 350 1
346 351 0
347 348 0
347 348 0
348 349 0
349 317 0
349 317 0
350 354 0
351 352 0
351 352 0
352 353 0
353 318 0
353 318 0
354 355 0
354 355 0
355 356 0
356 319 0
356 319 0
357 320 0
357 358 0
358 359 9
358 359 10
358 325 0
359 360 0
360 361 11
360 361 12
360 327 0
361 328 0
362 337 0
362 363 13
362 363 14
363 364 0
364 345 0
364 365 15
364 365 16
365 366 1
365 346 0
366 350 0
367 357 0
367 258 0
367 368 0
368 358 0
368 260 0
368 369 9
368 369 10
369 370 0
370 360 0
370 263 0
370 371 11
370 371 12
371 361 0
371 265 0
372 362 0
372 280 0
372 373 13
372 373 14
373 374 0
374 364 0
374 282 0
374 375 15
374 375 16
375 365 0
375 376 1
375 284 0
376 366 0
376 286 0
377 301 5
377 301 6
377 378 0
378 379 0
378 379 0
379 380 0
380 381 0
380 381 0
381 307 5
381 307 6
382 386 8
382 387 0
383 384 0
384 385 0
385 19 0
385 19 0
386 390 0
386 391 0
387 388 0
388 389 0
389 297 0
389 297 0
390 404 0
391 392 9
391 392 10
391 393 0
392 396 0
393 394 0
394 395 0
395 368 0
395 368 0
396 397 11
396 397 12
396 398 0
397 401 0
398 399 0
399 400 0
400 370 0
400 370 0
401 402 0
402 403 0
403 371 0
403 371 0
404 405 0
405 367 0
405 367 0
406 407 0
406 408 5
406 408 6
406 12 0
407 409 5
407 409 6
407 442 0
408 409 0
408 13 0
408 410 1
409 411 1
409 441 0
410 411 0
410 412 8
410 382 0
411 413 8
411 440 0
412 413 0
412 386 0
412 414 0
413 415 0
413 439 0
414 415 0
414 391 0
414 416 9
414 416 10
415 434 0
415 435 9
415 435 10
415 436 0
416 417 0
417 418 0
417 396 0
417 419 11
417 419 12
418 426 0
418 420 11
418 420 12
418 427 0
419 420 0
419 397 0
420 421 0
420 422 0
421 423 0
423 424 0
424 425 0
426 428 0
426 421 11
426 421 12
427 422 11
427 422 12
428 429 0
429 430 0
430 425 11
430 425 12
430 431 0
431 432 0
432 429 0
432 433 11
432 433 12
433 424 0
434 438 9
434 438 10
435 418 0
436 437 9
436 437 10
437 427 0
438 426 0
439 436 0
440 439 8
441 440 1
442 441 5
442 441 6
443 407 0
444 445 4
445 442 0
446 447 0
447 448 0
448 449 0
448 449 0
449 450 0
449 451 0
450 452 0
450 464 0
451 452 0
451 453 4
451 454 0
452 456 4
452 457 0
453 17 0
454 455 4
455 20 0
456 18 0
457 458 4
457 459 0
458 377 0
459 460 0
459 460 0
460 461 0
461 462 0
461 462 0
462 463 4
463 381 0
464 457 0
464 465 0
465 466 0
465 466 0
466 467 0
467 468 0
467 468 0
468 462 0
469 444 0
470 473 3
470 500 0
471 474 3
471 486 0
472 473 0
472 474 0
473 485 0
474 475 0
475 476 0
476 477 0
477 478 0
477 478 0
478 479 0
479 480 0
480 481 0
481 482 0
481 482 0
482 483 0
483 484 0
483 484 0
486 487 0
487 488 0
488 489 0
488 489 0
489 490 0
489 478 3
490 479 3
490 491 0
491 480 3
491 492 0
492 493 0
492 493 0
493 494 0
494 495 0
494 495 0
495 484 3
495 496 17
496 497 0
497 498 18
498 499 0
500 485 3
501 502 0
502 503 0
503 504 0
503 504 0
504 505 0
504 489 1
504 449 2
505 490 1
505 450 2
505 506 0
506 491 1
506 464 2
506 507 0
507 508 0
507 508 0
508 509 0
509 510 0
509 510 0
510 495 1
510 468 2
511 500 1
511 469 2
40
1 0
7 1 2 504 505 506 155 156
6 3 489 490 491 470 471
27 4 5 6 140 158 159 446 447 448 449 450 459 460 461 79 464 465 210 211 212 213 466 467 468 469 235 109
8 160 451 452 7 8 457 236 214
38 9 11 14 15 16 142 22 23 24 28 161 163 166 167 168 173 174 175 443 445 453 455 456 458 463 81 215 217 237 111 239 242 243 244 378 379 380 253
10 162 454 10 141 110 238 80 462 216 444
13 164 169 250 171 12 176 240 18 20 245 407 377 26
13 97 99 73 74 409 13 346 365 375 408 57 58 284
5 208 17 406 25 29
6 298 301 19 21 27 31
6 143 112 82 442 381 30
25 128 279 32 35 294 295 296 299 302 178 308 183 187 198 199 200 338 339 84 340 342 343 344 125 254
9 256 33 382 297 300 303 410 411 126
3 34 307 127
4 440 129 36 309
28 130 258 259 261 386 390 393 394 395 271 272 145 273 274 404 405 412 413 37 47 310 439 320 324 335 336 357 367
6 131 325 38 434 436 311
26 132 262 264 392 269 270 398 399 400 147 416 39 428 429 431 49 435 437 438 312 326 329 330 331 359 369
4 40 313 427 133
19 134 139 144 422 41 425 46 182 314 319 69 88 222 484 485 105 234 113 246
9 135 42 179 85 53 151 280 315 188
40 136 152 281 283 292 293 43 180 54 316 189 191 196 197 202 341 86 89 90 91 347 348 94 349 227 228 229 231 363 114 115 116 252 118 119 120 121 373 123 124
7 232 137 44 181 117 87 317
3 441 45 318
6 260 48 368 146 414 415
12 417 418 327 360 263 426 396 430 432 50 370 148
130 51 59 60 61 62 63 64 65 66 67 68 70 71 72 75 76 77 98 100 101 102 103 104 106 107 149 157 165 184 185 186 192 193 194 195 204 205 206 207 209 218 219 220 221 223 224 225 241 247 248 249 251 255 257 265 266 267 268 275 276 277 278 285 286 287 288 289 290 291 304 305 306 321 322 323 328 332 333 334 350 351 352 353 354 355 356 361 366 371 376 383 384 385 387 388 389 397 401 402 403 419 420 421 423 424 433 472 473 474 475 476 477 478 479 480 481 482 483 486 487 488 492 493 494 501 502 503 507 508 509
6 201 362 337 52 372 150
16 96 230 154 345 203 282 364 374 55 56 153 122 92 93 190 95
7 226 233 138 108 78 510 511
2 177 83
2 170 172
2 358 391
1 495
1 496
1 497
1 498
1 499
1 500
142
38
39
40
41
48
49
50
51
131
132
133
134
146
147
148
149
260
261
262
263
264
265
266
267
268
269
270
271
272
304
305
306
307
308
309
310
311
312
313
314
315
316
317
318
319
321
322
323
324
325
326
327
328
329
330
331
332
333
334
335
336
338
339
340
342
343
344
347
348
349
351
352
353
354
355
356
358
359
360
361
368
369
370
371
378
379
380
381
391
392
393
394
395
396
397
398
399
400
401
402
403
414
415
416
417
418
419
420
421
422
426
427
431
432
433
434
435
436
437
438
459
460
461
462
463
465
466
467
468
481
482
483
484
492
493
494
495
496
507
508
509
510
0
