2889
1
5880
0 1 0
0 2 1
1 1446 2
2 3 2
3 4 3
3 5 3
4 726 4
4 727 4
5 6 4
5 7 4
6 367 5
7 8 5
8 9 3
8 10 3
9 189 3
9 190 6
10 11 3
10 12 6
11 14 6
12 13 7
12 14 3
13 15 3
14 15 7
15 16 8
16 17 9
16 18 3
17 19 3
18 19 9
19 20 10
20 21 11
20 22 3
20 23 12
20 24 3
20 25 13
20 26 3
21 155 3
21 156 3
21 157 3
22 89 3
22 90 11
22 91 12
22 92 13
23 121 3
23 122 3
23 123 3
24 89 3
24 90 11
24 91 12
24 92 13
25 41 3
25 42 3
25 43 3
26 27 3
26 28 3
26 29 3
26 30 3
26 31 3
27 38 3
27 39 3
27 40 3
28 38 3
28 39 3
28 40 3
29 27 3
29 28 3
29 29 3
29 30 3
29 31 3
30 32 3
30 33 3
30 34 3
31 27 3
31 28 3
31 29 3
31 30 3
31 31 3
32 36 3
32 37 3
33 35 3
34 35 3
38 38 3
38 39 3
38 40 3
39 35 3
40 38 3
40 39 3
40 40 3
41 58 3
41 59 3
41 60 3
41 61 3
41 62 3
42 44 3
43 44 3
44 45 3
44 46 3
44 47 3
45 45 3
45 46 3
45 47 3
46 48 14
46 49 3
46 50 15
47 45 3
47 46 3
47 47 3
48 57 3
50 51 16
50 52 17
50 53 3
51 56 3
52 56 3
53 54 16
53 55 17
58 45 3
58 46 3
58 47 3
59 45 3
59 46 3
59 47 3
60 58 3
60 59 3
60 60 3
60 61 3
60 62 3
61 63 3
61 64 3
61 65 15
61 66 14
61 67 3
62 58 3
62 59 3
62 60 3
62 61 3
62 62 3
63 48 14
63 49 3
63 50 15
64 48 14
64 49 3
64 50 15
65 75 16
65 76 3
65 77 3
65 78 17
65 79 3
66 70 3
66 71 3
66 72 3
67 68 3
67 69 3
70 73 3
70 74 3
71 57 3
72 57 3
75 86 3
75 87 3
75 88 3
76 51 16
76 52 17
76 53 3
77 51 16
77 52 17
77 53 3
78 86 3
78 87 3
78 88 3
79 80 16
79 81 17
79 82 3
79 83 3
80 84 3
80 85 3
81 84 3
81 85 3
82 54 16
82 55 17
83 54 16
83 55 17
86 84 3
86 85 3
87 56 3
88 56 3
89 38 3
89 39 3
89 40 3
90 107 3
91 93 3
92 44 3
93 94 3
93 95 3
93 96 3
94 94 3
94 95 3
94 96 3
95 97 14
95 98 3
95 99 15
96 94 3
96 95 3
96 96 3
97 106 3
99 100 16
99 101 17
99 102 3
100 105 3
101 105 3
102 103 16
102 104 17
107 108 3
107 109 3
107 110 3
108 108 3
108 109 3
108 110 3
109 111 14
109 112 3
109 113 15
110 108 3
110 109 3
110 110 3
111 120 3
113 114 16
113 115 17
113 116 3
114 119 3
115 119 3
116 117 16
116 118 17
121 124 3
121 125 3
121 126 3
121 127 3
121 128 3
122 93 3
123 93 3
124 94 3
124 95 3
124 96 3
125 94 3
125 95 3
125 96 3
126 124 3
126 125 3
126 126 3
126 127 3
126 128 3
127 129 3
127 130 3
127 131 15
127 132 14
127 133 3
128 124 3
128 125 3
128 126 3
128 127 3
128 128 3
129 97 14
129 98 3
129 99 15
130 97 14
130 98 3
130 99 15
131 141 16
131 142 3
131 143 3
131 144 17
131 145 3
132 136 3
132 137 3
132 138 3
133 134 3
133 135 3
136 139 3
136 140 3
137 106 3
138 106 3
141 152 3
141 153 3
141 154 3
142 100 16
142 101 17
142 102 3
143 100 16
143 101 17
143 102 3
144 152 3
144 153 3
144 154 3
145 146 16
145 147 17
145 148 3
145 149 3
146 150 3
146 151 3
147 150 3
147 151 3
148 103 16
148 104 17
149 103 16
149 104 17
152 150 3
152 151 3
153 105 3
154 105 3
155 158 3
155 159 3
155 160 3
155 161 3
155 162 3
156 107 3
157 107 3
158 108 3
158 109 3
158 110 3
159 108 3
159 109 3
159 110 3
160 158 3
160 159 3
160 160 3
160 161 3
160 162 3
161 163 3
161 164 3
161 165 15
161 166 14
161 167 3
162 158 3
162 159 3
162 160 3
162 161 3
162 162 3
163 111 14
163 112 3
163 113 15
164 111 14
164 112 3
164 113 15
165 175 16
165 176 3
165 177 3
165 178 17
165 179 3
166 170 3
166 171 3
166 172 3
167 168 3
167 169 3
170 173 3
170 174 3
171 120 3
172 120 3
175 186 3
175 187 3
175 188 3
176 114 16
176 115 17
176 116 3
177 114 16
177 115 17
177 116 3
178 186 3
178 187 3
178 188 3
179 180 16
179 181 17
179 182 3
179 183 3
180 184 3
180 185 3
181 184 3
181 185 3
182 117 16
182 118 17
183 117 16
183 118 17
186 184 3
186 185 3
187 119 3
188 119 3
189 192 6
190 191 7
190 192 3
191 193 3
192 193 7
193 194 8
194 195 9
194 196 3
195 197 3
196 197 9
197 198 10
198 199 11
198 200 3
198 201 12
198 202 3
198 203 13
198 204 3
199 333 3
199 334 3
199 335 3
200 267 3
200 268 11
200 269 12
200 270 13
201 299 3
201 300 3
201 301 3
202 267 3
202 268 11
202 269 12
202 270 13
203 219 3
203 220 3
203 221 3
204 205 3
204 206 3
204 207 3
204 208 3
204 209 3
205 216 3
205 217 3
205 218 3
206 216 3
206 217 3
206 218 3
207 205 3
207 206 3
207 207 3
207 208 3
207 209 3
208 210 3
208 211 3
208 212 3
209 205 3
209 206 3
209 207 3
209 208 3
209 209 3
210 214 3
210 215 3
211 213 3
212 213 3
216 216 3
216 217 3
216 218 3
217 213 3
218 216 3
218 217 3
218 218 3
219 236 3
219 237 3
219 238 3
219 239 3
219 240 3
220 222 3
221 222 3
222 223 3
222 224 3
222 225 3
223 223 3
223 224 3
223 225 3
224 226 14
224 227 3
224 228 15
225 223 3
225 224 3
225 225 3
226 235 3
228 229 16
228 230 17
228 231 3
229 234 3
230 234 3
231 232 16
231 233 17
236 223 3
236 224 3
236 225 3
237 223 3
237 224 3
237 225 3
238 236 3
238 237 3
238 238 3
238 239 3
238 240 3
239 241 3
239 242 3
239 243 15
239 244 14
239 245 3
240 236 3
240 237 3
240 238 3
240 239 3
240 240 3
241 226 14
241 227 3
241 228 15
242 226 14
242 227 3
242 228 15
243 253 16
243 254 3
243 255 3
243 256 17
243 257 3
244 248 3
244 249 3
244 250 3
245 246 3
245 247 3
248 251 3
248 252 3
249 235 3
250 235 3
253 264 3
253 265 3
253 266 3
254 229 16
254 230 17
254 231 3
255 229 16
255 230 17
255 231 3
256 264 3
256 265 3
256 266 3
257 258 16
257 259 17
257 260 3
257 261 3
258 262 3
258 263 3
259 262 3
259 263 3
260 232 16
260 233 17
261 232 16
261 233 17
264 262 3
264 263 3
265 234 3
266 234 3
267 216 3
267 217 3
267 218 3
268 285 3
269 271 3
270 222 3
271 272 3
271 273 3
271 274 3
272 272 3
272 273 3
272 274 3
273 275 14
273 276 3
273 277 15
274 272 3
274 273 3
274 274 3
275 284 3
277 278 16
277 279 17
277 280 3
278 283 3
279 283 3
280 281 16
280 282 17
285 286 3
285 287 3
285 288 3
286 286 3
286 287 3
286 288 3
287 289 14
287 290 3
287 291 15
288 286 3
288 287 3
288 288 3
289 298 3
291 292 16
291 293 17
291 294 3
292 297 3
293 297 3
294 295 16
294 296 17
299 302 3
299 303 3
299 304 3
299 305 3
299 306 3
300 271 3
301 271 3
302 272 3
302 273 3
302 274 3
303 272 3
303 273 3
303 274 3
304 302 3
304 303 3
304 304 3
304 305 3
304 306 3
305 307 3
305 308 3
305 309 15
305 310 14
305 311 3
306 302 3
306 303 3
306 304 3
306 305 3
306 306 3
307 275 14
307 276 3
307 277 15
308 275 14
308 276 3
308 277 15
309 319 16
309 320 3
309 321 3
309 322 17
309 323 3
310 314 3
310 315 3
310 316 3
311 312 3
311 313 3
314 317 3
314 318 3
315 284 3
316 284 3
319 330 3
319 331 3
319 332 3
320 278 16
320 279 17
320 280 3
321 278 16
321 279 17
321 280 3
322 330 3
322 331 3
322 332 3
323 324 16
323 325 17
323 326 3
323 327 3
324 328 3
324 329 3
325 328 3
325 329 3
326 281 16
326 282 17
327 281 16
327 282 17
330 328 3
330 329 3
331 283 3
332 283 3
333 336 3
333 337 3
333 338 3
333 339 3
333 340 3
334 285 3
335 285 3
336 286 3
336 287 3
336 288 3
337 286 3
337 287 3
337 288 3
338 336 3
338 337 3
338 338 3
338 339 3
338 340 3
339 341 3
339 342 3
339 343 15
339 344 14
339 345 3
340 336 3
340 337 3
340 338 3
340 339 3
340 340 3
341 289 14
341 290 3
341 291 15
342 289 14
342 290 3
342 291 15
343 353 16
343 354 3
343 355 3
343 356 17
343 357 3
344 348 3
344 349 3
344 350 3
345 346 3
345 347 3
348 351 3
348 352 3
349 298 3
350 298 3
353 364 3
353 365 3
353 366 3
354 292 16
354 293 17
354 294 3
355 292 16
355 293 17
355 294 3
356 364 3
356 365 3
356 366 3
357 358 16
357 359 17
357 360 3
357 361 3
358 362 3
358 363 3
359 362 3
359 363 3
360 295 16
360 296 17
361 295 16
361 296 17
364 362 3
364 363 3
365 297 3
366 297 3
367 368 3
367 369 3
368 548 3
368 549 6
369 370 3
369 371 6
370 373 6
371 372 7
371 373 3
372 374 3
373 374 7
374 375 8
375 376 9
375 377 3
376 378 3
377 378 9
378 379 10
379 380 11
379 381 3
379 382 12
379 383 3
379 384 13
379 385 3
380 514 3
380 515 3
380 516 3
381 448 3
381 449 11
381 450 12
381 451 13
382 480 3
382 481 3
382 482 3
383 448 3
383 449 11
383 450 12
383 451 13
384 400 3
384 401 3
384 402 3
385 386 3
385 387 3
385 388 3
385 389 3
385 390 3
386 397 3
386 398 3
386 399 3
387 397 3
387 398 3
387 399 3
388 386 3
388 387 3
388 388 3
388 389 3
388 390 3
389 391 3
389 392 3
389 393 3
390 386 3
390 387 3
390 388 3
390 389 3
390 390 3
391 395 3
391 396 3
392 394 3
393 394 3
397 397 3
397 398 3
397 399 3
398 394 3
399 397 3
399 398 3
399 399 3
400 417 3
400 418 3
400 419 3
400 420 3
400 421 3
401 403 3
402 403 3
403 404 3
403 405 3
403 406 3
404 404 3
404 405 3
404 406 3
405 407 14
405 408 3
405 409 15
406 404 3
406 405 3
406 406 3
407 416 3
409 410 16
409 411 17
409 412 3
410 415 3
411 415 3
412 413 16
412 414 17
417 404 3
417 405 3
417 406 3
418 404 3
418 405 3
418 406 3
419 417 3
419 418 3
419 419 3
419 420 3
419 421 3
420 422 3
420 423 3
420 424 15
420 425 14
420 426 3
421 417 3
421 418 3
421 419 3
421 420 3
421 421 3
422 407 14
422 408 3
422 409 15
423 407 14
423 408 3
423 409 15
424 434 16
424 435 3
424 436 3
424 437 17
424 438 3
425 429 3
425 430 3
425 431 3
426 427 3
426 428 3
429 432 3
429 433 3
430 416 3
431 416 3
434 445 3
434 446 3
434 447 3
435 410 16
435 411 17
435 412 3
436 410 16
436 411 17
436 412 3
437 445 3
437 446 3
437 447 3
438 439 16
438 440 17
438 441 3
438 442 3
439 443 3
439 444 3
440 443 3
440 444 3
441 413 16
441 414 17
442 413 16
442 414 17
445 443 3
445 444 3
446 415 3
447 415 3
448 397 3
448 398 3
448 399 3
449 466 3
450 452 3
451 403 3
452 453 3
452 454 3
452 455 3
453 453 3
453 454 3
453 455 3
454 456 14
454 457 3
454 458 15
455 453 3
455 454 3
455 455 3
456 465 3
458 459 16
458 460 17
458 461 3
459 464 3
460 464 3
461 462 16
461 463 17
466 467 3
466 468 3
466 469 3
467 467 3
467 468 3
467 469 3
468 470 14
468 471 3
468 472 15
469 467 3
469 468 3
469 469 3
470 479 3
472 473 16
472 474 17
472 475 3
473 478 3
474 478 3
475 476 16
475 477 17
480 483 3
480 484 3
480 485 3
480 486 3
480 487 3
481 452 3
482 452 3
483 453 3
483 454 3
483 455 3
484 453 3
484 454 3
484 455 3
485 483 3
485 484 3
485 485 3
485 486 3
485 487 3
486 488 3
486 489 3
486 490 15
486 491 14
486 492 3
487 483 3
487 484 3
487 485 3
487 486 3
487 487 3
488 456 14
488 457 3
488 458 15
489 456 14
489 457 3
489 458 15
490 500 16
490 501 3
490 502 3
490 503 17
490 504 3
491 495 3
491 496 3
491 497 3
492 493 3
492 494 3
495 498 3
495 499 3
496 465 3
497 465 3
500 511 3
500 512 3
500 513 3
501 459 16
501 460 17
501 461 3
502 459 16
502 460 17
502 461 3
503 511 3
503 512 3
503 513 3
504 505 16
504 506 17
504 507 3
504 508 3
505 509 3
505 510 3
506 509 3
506 510 3
507 462 16
507 463 17
508 462 16
508 463 17
511 509 3
511 510 3
512 464 3
513 464 3
514 517 3
514 518 3
514 519 3
514 520 3
514 521 3
515 466 3
516 466 3
517 467 3
517 468 3
517 469 3
518 467 3
518 468 3
518 469 3
519 517 3
519 518 3
519 519 3
519 520 3
519 521 3
520 522 3
520 523 3
520 524 15
520 525 14
520 526 3
521 517 3
521 518 3
521 519 3
521 520 3
521 521 3
522 470 14
522 471 3
522 472 15
523 470 14
523 471 3
523 472 15
524 534 16
524 535 3
524 536 3
524 537 17
524 538 3
525 529 3
525 530 3
525 531 3
526 527 3
526 528 3
529 532 3
529 533 3
530 479 3
531 479 3
534 545 3
534 546 3
534 547 3
535 473 16
535 474 17
535 475 3
536 473 16
536 474 17
536 475 3
537 545 3
537 546 3
537 547 3
538 539 16
538 540 17
538 541 3
538 542 3
539 543 3
539 544 3
540 543 3
540 544 3
541 476 16
541 477 17
542 476 16
542 477 17
545 543 3
545 544 3
546 478 3
547 478 3
548 551 6
549 550 7
549 551 3
550 552 3
551 552 7
552 553 8
553 554 9
553 555 3
554 556 3
555 556 9
556 557 10
557 558 11
557 559 3
557 560 12
557 561 3
557 562 13
557 563 3
558 692 3
558 693 3
558 694 3
559 626 3
559 627 11
559 628 12
559 629 13
560 658 3
560 659 3
560 660 3
561 626 3
561 627 11
561 628 12
561 629 13
562 578 3
562 579 3
562 580 3
563 564 3
563 565 3
563 566 3
563 567 3
563 568 3
564 575 3
564 576 3
564 577 3
565 575 3
565 576 3
565 577 3
566 564 3
566 565 3
566 566 3
566 567 3
566 568 3
567 569 3
567 570 3
567 571 3
568 564 3
568 565 3
568 566 3
568 567 3
568 568 3
569 573 3
569 574 3
570 572 3
571 572 3
575 575 3
575 576 3
575 577 3
576 572 3
577 575 3
577 576 3
577 577 3
578 595 3
578 596 3
578 597 3
578 598 3
578 599 3
579 581 3
580 581 3
581 582 3
581 583 3
581 584 3
582 582 3
582 583 3
582 584 3
583 585 14
583 586 3
583 587 15
584 582 3
584 583 3
584 584 3
585 594 3
587 588 16
587 589 17
587 590 3
588 593 3
589 593 3
590 591 16
590 592 17
595 582 3
595 583 3
595 584 3
596 582 3
596 583 3
596 584 3
597 595 3
597 596 3
597 597 3
597 598 3
597 599 3
598 600 3
598 601 3
598 602 15
598 603 14
598 604 3
599 595 3
599 596 3
599 597 3
599 598 3
599 599 3
600 585 14
600 586 3
600 587 15
601 585 14
601 586 3
601 587 15
602 612 16
602 613 3
602 614 3
602 615 17
602 616 3
603 607 3
603 608 3
603 609 3
604 605 3
604 606 3
607 610 3
607 611 3
608 594 3
609 594 3
612 623 3
612 624 3
612 625 3
613 588 16
613 589 17
613 590 3
614 588 16
614 589 17
614 590 3
615 623 3
615 624 3
615 625 3
616 617 16
616 618 17
616 619 3
616 620 3
617 621 3
617 622 3
618 621 3
618 622 3
619 591 16
619 592 17
620 591 16
620 592 17
623 621 3
623 622 3
624 593 3
625 593 3
626 575 3
626 576 3
626 577 3
627 644 3
628 630 3
629 581 3
630 631 3
630 632 3
630 633 3
631 631 3
631 632 3
631 633 3
632 634 14
632 635 3
632 636 15
633 631 3
633 632 3
633 633 3
634 643 3
636 637 16
636 638 17
636 639 3
637 642 3
638 642 3
639 640 16
639 641 17
644 645 3
644 646 3
644 647 3
645 645 3
645 646 3
645 647 3
646 648 14
646 649 3
646 650 15
647 645 3
647 646 3
647 647 3
648 657 3
650 651 16
650 652 17
650 653 3
651 656 3
652 656 3
653 654 16
653 655 17
658 661 3
658 662 3
658 663 3
658 664 3
658 665 3
659 630 3
660 630 3
661 631 3
661 632 3
661 633 3
662 631 3
662 632 3
662 633 3
663 661 3
663 662 3
663 663 3
663 664 3
663 665 3
664 666 3
664 667 3
664 668 15
664 669 14
664 670 3
665 661 3
665 662 3
665 663 3
665 664 3
665 665 3
666 634 14
666 635 3
666 636 15
667 634 14
667 635 3
667 636 15
668 678 16
668 679 3
668 680 3
668 681 17
668 682 3
669 673 3
669 674 3
669 675 3
670 671 3
670 672 3
673 676 3
673 677 3
674 643 3
675 643 3
678 689 3
678 690 3
678 691 3
679 637 16
679 638 17
679 639 3
680 637 16
680 638 17
680 639 3
681 689 3
681 690 3
681 691 3
682 683 16
682 684 17
682 685 3
682 686 3
683 687 3
683 688 3
684 687 3
684 688 3
685 640 16
685 641 17
686 640 16
686 641 17
689 687 3
689 688 3
690 642 3
691 642 3
692 695 3
692 696 3
692 697 3
692 698 3
692 699 3
693 644 3
694 644 3
695 645 3
695 646 3
695 647 3
696 645 3
696 646 3
696 647 3
697 695 3
697 696 3
697 697 3
697 698 3
697 699 3
698 700 3
698 701 3
698 702 15
698 703 14
698 704 3
699 695 3
699 696 3
699 697 3
699 698 3
699 699 3
700 648 14
700 649 3
700 650 15
701 648 14
701 649 3
701 650 15
702 712 16
702 713 3
702 714 3
702 715 17
702 716 3
703 707 3
703 708 3
703 709 3
704 705 3
704 706 3
707 710 3
707 711 3
708 657 3
709 657 3
712 723 3
712 724 3
712 725 3
713 651 16
713 652 17
713 653 3
714 651 16
714 652 17
714 653 3
715 723 3
715 724 3
715 725 3
716 717 16
716 718 17
716 719 3
716 720 3
717 721 3
717 722 3
718 721 3
718 722 3
719 654 16
719 655 17
720 654 16
720 655 17
723 721 3
723 722 3
724 656 3
725 656 3
726 1087 5
727 728 5
728 729 3
728 730 3
729 909 6
729 910 3
730 731 6
730 732 3
731 733 3
731 908 7
732 733 6
733 734 7
734 735 8
735 736 3
735 737 9
736 738 9
737 738 3
738 739 10
739 740 11
739 741 3
739 742 12
739 743 3
739 744 13
739 745 3
740 874 3
740 875 3
740 876 3
741 808 3
741 809 11
741 810 12
741 811 13
742 840 3
742 841 3
742 842 3
743 808 3
743 809 11
743 810 12
743 811 13
744 760 3
744 761 3
744 762 3
745 746 3
745 747 3
745 748 3
745 749 3
745 750 3
746 757 3
746 758 3
746 759 3
747 757 3
747 758 3
747 759 3
748 746 3
748 747 3
748 748 3
748 749 3
748 750 3
749 751 3
749 752 3
749 753 3
750 746 3
750 747 3
750 748 3
750 749 3
750 750 3
751 755 3
751 756 3
752 754 3
753 754 3
757 757 3
757 758 3
757 759 3
758 754 3
759 757 3
759 758 3
759 759 3
760 777 3
760 778 3
760 779 3
760 780 3
760 781 3
761 763 3
762 763 3
763 764 3
763 765 3
763 766 3
764 764 3
764 765 3
764 766 3
765 767 14
765 768 3
765 769 15
766 764 3
766 765 3
766 766 3
767 776 3
769 770 16
769 771 17
769 772 3
770 775 3
771 775 3
772 773 16
772 774 17
777 764 3
777 765 3
777 766 3
778 764 3
778 765 3
778 766 3
779 777 3
779 778 3
779 779 3
779 780 3
779 781 3
780 782 3
780 783 3
780 784 15
780 785 14
780 786 3
781 777 3
781 778 3
781 779 3
781 780 3
781 781 3
782 767 14
782 768 3
782 769 15
783 767 14
783 768 3
783 769 15
784 794 16
784 795 3
784 796 3
784 797 17
784 798 3
785 789 3
785 790 3
785 791 3
786 787 3
786 788 3
789 792 3
789 793 3
790 776 3
791 776 3
794 805 3
794 806 3
794 807 3
795 770 16
795 771 17
795 772 3
796 770 16
796 771 17
796 772 3
797 805 3
797 806 3
797 807 3
798 799 16
798 800 17
798 801 3
798 802 3
799 803 3
799 804 3
800 803 3
800 804 3
801 773 16
801 774 17
802 773 16
802 774 17
805 803 3
805 804 3
806 775 3
807 775 3
808 757 3
808 758 3
808 759 3
809 826 3
810 812 3
811 763 3
812 813 3
812 814 3
812 815 3
813 813 3
813 814 3
813 815 3
814 816 14
814 817 3
814 818 15
815 813 3
815 814 3
815 815 3
816 825 3
818 819 16
818 820 17
818 821 3
819 824 3
820 824 3
821 822 16
821 823 17
826 827 3
826 828 3
826 829 3
827 827 3
827 828 3
827 829 3
828 830 14
828 831 3
828 832 15
829 827 3
829 828 3
829 829 3
830 839 3
832 833 16
832 834 17
832 835 3
833 838 3
834 838 3
835 836 16
835 837 17
840 843 3
840 844 3
840 845 3
840 846 3
840 847 3
841 812 3
842 812 3
843 813 3
843 814 3
843 815 3
844 813 3
844 814 3
844 815 3
845 843 3
845 844 3
845 845 3
845 846 3
845 847 3
846 848 3
846 849 3
846 850 15
846 851 14
846 852 3
847 843 3
847 844 3
847 845 3
847 846 3
847 847 3
848 816 14
848 817 3
848 818 15
849 816 14
849 817 3
849 818 15
850 860 16
850 861 3
850 862 3
850 863 17
850 864 3
851 855 3
851 856 3
851 857 3
852 853 3
852 854 3
855 858 3
855 859 3
856 825 3
857 825 3
860 871 3
860 872 3
860 873 3
861 819 16
861 820 17
861 821 3
862 819 16
862 820 17
862 821 3
863 871 3
863 872 3
863 873 3
864 865 16
864 866 17
864 867 3
864 868 3
865 869 3
865 870 3
866 869 3
866 870 3
867 822 16
867 823 17
868 822 16
868 823 17
871 869 3
871 870 3
872 824 3
873 824 3
874 877 3
874 878 3
874 879 3
874 880 3
874 881 3
875 826 3
876 826 3
877 827 3
877 828 3
877 829 3
878 827 3
878 828 3
878 829 3
879 877 3
879 878 3
879 879 3
879 880 3
879 881 3
880 882 3
880 883 3
880 884 15
880 885 14
880 886 3
881 877 3
881 878 3
881 879 3
881 880 3
881 881 3
882 830 14
882 831 3
882 832 15
883 830 14
883 831 3
883 832 15
884 894 16
884 895 3
884 896 3
884 897 17
884 898 3
885 889 3
885 890 3
885 891 3
886 887 3
886 888 3
889 892 3
889 893 3
890 839 3
891 839 3
894 905 3
894 906 3
894 907 3
895 833 16
895 834 17
895 835 3
896 833 16
896 834 17
896 835 3
897 905 3
897 906 3
897 907 3
898 899 16
898 900 17
898 901 3
898 902 3
899 903 3
899 904 3
900 903 3
900 904 3
901 836 16
901 837 17
902 836 16
902 837 17
905 903 3
905 904 3
906 838 3
907 838 3
908 734 3
909 911 3
909 1086 7
910 911 6
911 912 7
912 913 8
913 914 3
913 915 9
914 916 9
915 916 3
916 917 10
917 918 11
917 919 3
917 920 12
917 921 3
917 922 13
917 923 3
918 1052 3
918 1053 3
918 1054 3
919 986 3
919 987 11
919 988 12
919 989 13
920 1018 3
920 1019 3
920 1020 3
921 986 3
921 987 11
921 988 12
921 989 13
922 938 3
922 939 3
922 940 3
923 924 3
923 925 3
923 926 3
923 927 3
923 928 3
924 935 3
924 936 3
924 937 3
925 935 3
925 936 3
925 937 3
926 924 3
926 925 3
926 926 3
926 927 3
926 928 3
927 929 3
927 930 3
927 931 3
928 924 3
928 925 3
928 926 3
928 927 3
928 928 3
929 933 3
929 934 3
930 932 3
931 932 3
935 935 3
935 936 3
935 937 3
936 932 3
937 935 3
937 936 3
937 937 3
938 955 3
938 956 3
938 957 3
938 958 3
938 959 3
939 941 3
940 941 3
941 942 3
941 943 3
941 944 3
942 942 3
942 943 3
942 944 3
943 945 14
943 946 3
943 947 15
944 942 3
944 943 3
944 944 3
945 954 3
947 948 16
947 949 17
947 950 3
948 953 3
949 953 3
950 951 16
950 952 17
955 942 3
955 943 3
955 944 3
956 942 3
956 943 3
956 944 3
957 955 3
957 956 3
957 957 3
957 958 3
957 959 3
958 960 3
958 961 3
958 962 15
958 963 14
958 964 3
959 955 3
959 956 3
959 957 3
959 958 3
959 959 3
960 945 14
960 946 3
960 947 15
961 945 14
961 946 3
961 947 15
962 972 16
962 973 3
962 974 3
962 975 17
962 976 3
963 967 3
963 968 3
963 969 3
964 965 3
964 966 3
967 970 3
967 971 3
968 954 3
969 954 3
972 983 3
972 984 3
972 985 3
973 948 16
973 949 17
973 950 3
974 948 16
974 949 17
974 950 3
975 983 3
975 984 3
975 985 3
976 977 16
976 978 17
976 979 3
976 980 3
977 981 3
977 982 3
978 981 3
978 982 3
979 951 16
979 952 17
980 951 16
980 952 17
983 981 3
983 982 3
984 953 3
985 953 3
986 935 3
986 936 3
986 937 3
987 1004 3
988 990 3
989 941 3
990 991 3
990 992 3
990 993 3
991 991 3
991 992 3
991 993 3
992 994 14
992 995 3
992 996 15
993 991 3
993 992 3
993 993 3
994 1003 3
996 997 16
996 998 17
996 999 3
997 1002 3
998 1002 3
999 1000 16
999 1001 17
1004 1005 3
1004 1006 3
1004 1007 3
1005 1005 3
1005 1006 3
1005 1007 3
1006 1008 14
1006 1009 3
1006 1010 15
1007 1005 3
1007 1006 3
1007 1007 3
1008 1017 3
1010 1011 16
1010 1012 17
1010 1013 3
1011 1016 3
1012 1016 3
1013 1014 16
1013 1015 17
1018 1021 3
1018 1022 3
1018 1023 3
1018 1024 3
1018 1025 3
1019 990 3
1020 990 3
1021 991 3
1021 992 3
1021 993 3
1022 991 3
1022 992 3
1022 993 3
1023 1021 3
1023 1022 3
1023 1023 3
1023 1024 3
1023 1025 3
1024 1026 3
1024 1027 3
1024 1028 15
1024 1029 14
1024 1030 3
1025 1021 3
1025 1022 3
1025 1023 3
1025 1024 3
1025 1025 3
1026 994 14
1026 995 3
1026 996 15
1027 994 14
1027 995 3
1027 996 15
1028 1038 16
1028 1039 3
1028 1040 3
1028 1041 17
1028 1042 3
1029 1033 3
1029 1034 3
1029 1035 3
1030 1031 3
1030 1032 3
1033 1036 3
1033 1037 3
1034 1003 3
1035 1003 3
1038 1049 3
1038 1050 3
1038 1051 3
1039 997 16
1039 998 17
1039 999 3
1040 997 16
1040 998 17
1040 999 3
1041 1049 3
1041 1050 3
1041 1051 3
1042 1043 16
1042 1044 17
1042 1045 3
1042 1046 3
1043 1047 3
1043 1048 3
1044 1047 3
1044 1048 3
1045 1000 16
1045 1001 17
1046 1000 16
1046 1001 17
1049 1047 3
1049 1048 3
1050 1002 3
1051 1002 3
1052 1055 3
1052 1056 3
1052 1057 3
1052 1058 3
1052 1059 3
1053 1004 3
1054 1004 3
1055 1005 3
1055 1006 3
1055 1007 3
1056 1005 3
1056 1006 3
1056 1007 3
1057 1055 3
1057 1056 3
1057 1057 3
1057 1058 3
1057 1059 3
1058 1060 3
1058 1061 3
1058 1062 15
1058 1063 14
1058 1064 3
1059 1055 3
1059 1056 3
1059 1057 3
1059 1058 3
1059 1059 3
1060 1008 14
1060 1009 3
1060 1010 15
1061 1008 14
1061 1009 3
1061 1010 15
1062 1072 16
1062 1073 3
1062 1074 3
1062 1075 17
1062 1076 3
1063 1067 3
1063 1068 3
1063 1069 3
1064 1065 3
1064 1066 3
1067 1070 3
1067 1071 3
1068 1017 3
1069 1017 3
1072 1083 3
1072 1084 3
1072 1085 3
1073 1011 16
1073 1012 17
1073 1013 3
1074 1011 16
1074 1012 17
1074 1013 3
1075 1083 3
1075 1084 3
1075 1085 3
1076 1077 16
1076 1078 17
1076 1079 3
1076 1080 3
1077 1081 3
1077 1082 3
1078 1081 3
1078 1082 3
1079 1014 16
1079 1015 17
1080 1014 16
1080 1015 17
1083 1081 3
1083 1082 3
1084 1016 3
1085 1016 3
1086 912 3
1087 1088 3
1087 1089 3
1088 1268 6
1088 1269 3
1089 1090 6
1089 1091 3
1090 1092 3
1090 1267 7
1091 1092 6
1092 1093 7
1093 1094 8
1094 1095 3
1094 1096 9
1095 1097 9
1096 1097 3
1097 1098 10
1098 1099 11
1098 1100 3
1098 1101 12
1098 1102 3
1098 1103 13
1098 1104 3
1099 1233 3
1099 1234 3
1099 1235 3
1100 1167 3
1100 1168 11
1100 1169 12
1100 1170 13
1101 1199 3
1101 1200 3
1101 1201 3
1102 1167 3
1102 1168 11
1102 1169 12
1102 1170 13
1103 1119 3
1103 1120 3
1103 1121 3
1104 1105 3
1104 1106 3
1104 1107 3
1104 1108 3
1104 1109 3
1105 1116 3
1105 1117 3
1105 1118 3
1106 1116 3
1106 1117 3
1106 1118 3
1107 1105 3
1107 1106 3
1107 1107 3
1107 1108 3
1107 1109 3
1108 1110 3
1108 1111 3
1108 1112 3
1109 1105 3
1109 1106 3
1109 1107 3
1109 1108 3
1109 1109 3
1110 1114 3
1110 1115 3
1111 1113 3
1112 1113 3
1116 1116 3
1116 1117 3
1116 1118 3
1117 1113 3
1118 1116 3
1118 1117 3
1118 1118 3
1119 1136 3
1119 1137 3
1119 1138 3
1119 1139 3
1119 1140 3
1120 1122 3
1121 1122 3
1122 1123 3
1122 1124 3
1122 1125 3
1123 1123 3
1123 1124 3
1123 1125 3
1124 1126 14
1124 1127 3
1124 1128 15
1125 1123 3
1125 1124 3
1125 1125 3
1126 1135 3
1128 1129 16
1128 1130 17
1128 1131 3
1129 1134 3
1130 1134 3
1131 1132 16
1131 1133 17
1136 1123 3
1136 1124 3
1136 1125 3
1137 1123 3
1137 1124 3
1137 1125 3
1138 1136 3
1138 1137 3
1138 1138 3
1138 1139 3
1138 1140 3
1139 1141 3
1139 1142 3
1139 1143 15
1139 1144 14
1139 1145 3
1140 1136 3
1140 1137 3
1140 1138 3
1140 1139 3
1140 1140 3
1141 1126 14
1141 1127 3
1141 1128 15
1142 1126 14
1142 1127 3
1142 1128 15
1143 1153 16
1143 1154 3
1143 1155 3
1143 1156 17
1143 1157 3
1144 1148 3
1144 1149 3
1144 1150 3
1145 1146 3
1145 1147 3
1148 1151 3
1148 1152 3
1149 1135 3
1150 1135 3
1153 1164 3
1153 1165 3
1153 1166 3
1154 1129 16
1154 1130 17
1154 1131 3
1155 1129 16
1155 1130 17
1155 1131 3
1156 1164 3
1156 1165 3
1156 1166 3
1157 1158 16
1157 1159 17
1157 1160 3
1157 1161 3
1158 1162 3
1158 1163 3
1159 1162 3
1159 1163 3
1160 1132 16
1160 1133 17
1161 1132 16
1161 1133 17
1164 1162 3
1164 1163 3
1165 1134 3
1166 1134 3
1167 1116 3
1167 1117 3
1167 1118 3
1168 1185 3
1169 1171 3
1170 1122 3
1171 1172 3
1171 1173 3
1171 1174 3
1172 1172 3
1172 1173 3
1172 1174 3
1173 1175 14
1173 1176 3
1173 1177 15
1174 1172 3
1174 1173 3
1174 1174 3
1175 1184 3
1177 1178 16
1177 1179 17
1177 1180 3
1178 1183 3
1179 1183 3
1180 1181 16
1180 1182 17
1185 1186 3
1185 1187 3
1185 1188 3
1186 1186 3
1186 1187 3
1186 1188 3
1187 1189 14
1187 1190 3
1187 1191 15
1188 1186 3
1188 1187 3
1188 1188 3
1189 1198 3
1191 1192 16
1191 1193 17
1191 1194 3
1192 1197 3
1193 1197 3
1194 1195 16
1194 1196 17
1199 1202 3
1199 1203 3
1199 1204 3
1199 1205 3
1199 1206 3
1200 1171 3
1201 1171 3
1202 1172 3
1202 1173 3
1202 1174 3
1203 1172 3
1203 1173 3
1203 1174 3
1204 1202 3
1204 1203 3
1204 1204 3
1204 1205 3
1204 1206 3
1205 1207 3
1205 1208 3
1205 1209 15
1205 1210 14
1205 1211 3
1206 1202 3
1206 1203 3
1206 1204 3
1206 1205 3
1206 1206 3
1207 1175 14
1207 1176 3
1207 1177 15
1208 1175 14
1208 1176 3
1208 1177 15
1209 1219 16
1209 1220 3
1209 1221 3
1209 1222 17
1209 1223 3
1210 1214 3
1210 1215 3
1210 1216 3
1211 1212 3
1211 1213 3
1214 1217 3
1214 1218 3
1215 1184 3
1216 1184 3
1219 1230 3
1219 1231 3
1219 1232 3
1220 1178 16
1220 1179 17
1220 1180 3
1221 1178 16
1221 1179 17
1221 1180 3
1222 1230 3
1222 1231 3
1222 1232 3
1223 1224 16
1223 1225 17
1223 1226 3
1223 1227 3
1224 1228 3
1224 1229 3
1225 1228 3
1225 1229 3
1226 1181 16
1226 1182 17
1227 1181 16
1227 1182 17
1230 1228 3
1230 1229 3
1231 1183 3
1232 1183 3
1233 1236 3
1233 1237 3
1233 1238 3
1233 1239 3
1233 1240 3
1234 1185 3
1235 1185 3
1236 1186 3
1236 1187 3
1236 1188 3
1237 1186 3
1237 1187 3
1237 1188 3
1238 1236 3
1238 1237 3
1238 1238 3
1238 1239 3
1238 1240 3
1239 1241 3
1239 1242 3
1239 1243 15
1239 1244 14
1239 1245 3
1240 1236 3
1240 1237 3
1240 1238 3
1240 1239 3
1240 1240 3
1241 1189 14
1241 1190 3
1241 1191 15
1242 1189 14
1242 1190 3
1242 1191 15
1243 1253 16
1243 1254 3
1243 1255 3
1243 1256 17
1243 1257 3
1244 1248 3
1244 1249 3
1244 1250 3
1245 1246 3
1245 1247 3
1248 1251 3
1248 1252 3
1249 1198 3
1250 1198 3
1253 1264 3
1253 1265 3
1253 1266 3
1254 1192 16
1254 1193 17
1254 1194 3
1255 1192 16
1255 1193 17
1255 1194 3
1256 1264 3
1256 1265 3
1256 1266 3
1257 1258 16
1257 1259 17
1257 1260 3
1257 1261 3
1258 1262 3
1258 1263 3
1259 1262 3
1259 1263 3
1260 1195 16
1260 1196 17
1261 1195 16
1261 1196 17
1264 1262 3
1264 1263 3
1265 1197 3
1266 1197 3
1267 1093 3
1268 1270 3
1268 1445 7
1269 1270 6
1270 1271 7
1271 1272 8
1272 1273 3
1272 1274 9
1273 1275 9
1274 1275 3
1275 1276 10
1276 1277 11
1276 1278 3
1276 1279 12
1276 1280 3
1276 1281 13
1276 1282 3
1277 1411 3
1277 1412 3
1277 1413 3
1278 1345 3
1278 1346 11
1278 1347 12
1278 1348 13
1279 1377 3
1279 1378 3
1279 1379 3
1280 1345 3
1280 1346 11
1280 1347 12
1280 1348 13
1281 1297 3
1281 1298 3
1281 1299 3
1282 1283 3
1282 1284 3
1282 1285 3
1282 1286 3
1282 1287 3
1283 1294 3
1283 1295 3
1283 1296 3
1284 1294 3
1284 1295 3
1284 1296 3
1285 1283 3
1285 1284 3
1285 1285 3
1285 1286 3
1285 1287 3
1286 1288 3
1286 1289 3
1286 1290 3
1287 1283 3
1287 1284 3
1287 1285 3
1287 1286 3
1287 1287 3
1288 1292 3
1288 1293 3
1289 1291 3
1290 1291 3
1294 1294 3
1294 1295 3
1294 1296 3
1295 1291 3
1296 1294 3
1296 1295 3
1296 1296 3
1297 1314 3
1297 1315 3
1297 1316 3
1297 1317 3
1297 1318 3
1298 1300 3
1299 1300 3
1300 1301 3
1300 1302 3
1300 1303 3
1301 1301 3
1301 1302 3
1301 1303 3
1302 1304 14
1302 1305 3
1302 1306 15
1303 1301 3
1303 1302 3
1303 1303 3
1304 1313 3
1306 1307 16
1306 1308 17
1306 1309 3
1307 1312 3
1308 1312 3
1309 1310 16
1309 1311 17
1314 1301 3
1314 1302 3
1314 1303 3
1315 1301 3
1315 1302 3
1315 1303 3
1316 1314 3
1316 1315 3
1316 1316 3
1316 1317 3
1316 1318 3
1317 1319 3
1317 1320 3
1317 1321 15
1317 1322 14
1317 1323 3
1318 1314 3
1318 1315 3
1318 1316 3
1318 1317 3
1318 1318 3
1319 1304 14
1319 1305 3
1319 1306 15
1320 1304 14
1320 1305 3
1320 1306 15
1321 1331 16
1321 1332 3
1321 1333 3
1321 1334 17
1321 1335 3
1322 1326 3
1322 1327 3
1322 1328 3
1323 1324 3
1323 1325 3
1326 1329 3
1326 1330 3
1327 1313 3
1328 1313 3
1331 1342 3
1331 1343 3
1331 1344 3
1332 1307 16
1332 1308 17
1332 1309 3
1333 1307 16
1333 1308 17
1333 1309 3
1334 1342 3
1334 1343 3
1334 1344 3
1335 1336 16
1335 1337 17
1335 1338 3
1335 1339 3
1336 1340 3
1336 1341 3
1337 1340 3
1337 1341 3
1338 1310 16
1338 1311 17
1339 1310 16
1339 1311 17
1342 1340 3
1342 1341 3
1343 1312 3
1344 1312 3
1345 1294 3
1345 1295 3
1345 1296 3
1346 1363 3
1347 1349 3
1348 1300 3
1349 1350 3
1349 1351 3
1349 1352 3
1350 1350 3
1350 1351 3
1350 1352 3
1351 1353 14
1351 1354 3
1351 1355 15
1352 1350 3
1352 1351 3
1352 1352 3
1353 1362 3
1355 1356 16
1355 1357 17
1355 1358 3
1356 1361 3
1357 1361 3
1358 1359 16
1358 1360 17
1363 1364 3
1363 1365 3
1363 1366 3
1364 1364 3
1364 1365 3
1364 1366 3
1365 1367 14
1365 1368 3
1365 1369 15
1366 1364 3
1366 1365 3
1366 1366 3
1367 1376 3
1369 1370 16
1369 1371 17
1369 1372 3
1370 1375 3
1371 1375 3
1372 1373 16
1372 1374 17
1377 1380 3
1377 1381 3
1377 1382 3
1377 1383 3
1377 1384 3
1378 1349 3
1379 1349 3
1380 1350 3
1380 1351 3
1380 1352 3
1381 1350 3
1381 1351 3
1381 1352 3
1382 1380 3
1382 1381 3
1382 1382 3
1382 1383 3
1382 1384 3
1383 1385 3
1383 1386 3
1383 1387 15
1383 1388 14
1383 1389 3
1384 1380 3
1384 1381 3
1384 1382 3
1384 1383 3
1384 1384 3
1385 1353 14
1385 1354 3
1385 1355 15
1386 1353 14
1386 1354 3
1386 1355 15
1387 1397 16
1387 1398 3
1387 1399 3
1387 1400 17
1387 1401 3
1388 1392 3
1388 1393 3
1388 1394 3
1389 1390 3
1389 1391 3
1392 1395 3
1392 1396 3
1393 1362 3
1394 1362 3
1397 1408 3
1397 1409 3
1397 1410 3
1398 1356 16
1398 1357 17
1398 1358 3
1399 1356 16
1399 1357 17
1399 1358 3
1400 1408 3
1400 1409 3
1400 1410 3
1401 1402 16
1401 1403 17
1401 1404 3
1401 1405 3
1402 1406 3
1402 1407 3
1403 1406 3
1403 1407 3
1404 1359 16
1404 1360 17
1405 1359 16
1405 1360 17
1408 1406 3
1408 1407 3
1409 1361 3
1410 1361 3
1411 1414 3
1411 1415 3
1411 1416 3
1411 1417 3
1411 1418 3
1412 1363 3
1413 1363 3
1414 1364 3
1414 1365 3
1414 1366 3
1415 1364 3
1415 1365 3
1415 1366 3
1416 1414 3
1416 1415 3
1416 1416 3
1416 1417 3
1416 1418 3
1417 1419 3
1417 1420 3
1417 1421 15
1417 1422 14
1417 1423 3
1418 1414 3
1418 1415 3
1418 1416 3
1418 1417 3
1418 1418 3
1419 1367 14
1419 1368 3
1419 1369 15
1420 1367 14
1420 1368 3
1420 1369 15
1421 1431 16
1421 1432 3
1421 1433 3
1421 1434 17
1421 1435 3
1422 1426 3
1422 1427 3
1422 1428 3
1423 1424 3
1423 1425 3
1426 1429 3
1426 1430 3
1427 1376 3
1428 1376 3
1431 1442 3
1431 1443 3
1431 1444 3
1432 1370 16
1432 1371 17
1432 1372 3
1433 1370 16
1433 1371 17
1433 1372 3
1434 1442 3
1434 1443 3
1434 1444 3
1435 1436 16
1435 1437 17
1435 1438 3
1435 1439 3
1436 1440 3
1436 1441 3
1437 1440 3
1437 1441 3
1438 1373 16
1438 1374 17
1439 1373 16
1439 1374 17
1442 1440 3
1442 1441 3
1443 1375 3
1444 1375 3
1445 1271 3
1446 1447 3
1446 1448 3
1447 2169 4
1447 2170 4
1448 1449 4
1448 1450 4
1449 1810 5
1450 1451 5
1451 1452 3
1451 1453 3
1452 1632 3
1452 1633 6
1453 1454 3
1453 1455 6
1454 1457 6
1455 1456 7
1455 1457 3
1456 1458 3
1457 1458 7
1458 1459 8
1459 1460 9
1459 1461 3
1460 1462 3
1461 1462 9
1462 1463 10
1463 1464 11
1463 1465 3
1463 1466 12
1463 1467 3
1463 1468 13
1463 1469 3
1464 1598 3
1464 1599 3
1464 1600 3
1465 1532 3
1465 1533 11
1465 1534 12
1465 1535 13
1466 1564 3
1466 1565 3
1466 1566 3
1467 1532 3
1467 1533 11
1467 1534 12
1467 1535 13
1468 1484 3
1468 1485 3
1468 1486 3
1469 1470 3
1469 1471 3
1469 1472 3
1469 1473 3
1469 1474 3
1470 1481 3
1470 1482 3
1470 1483 3
1471 1481 3
1471 1482 3
1471 1483 3
1472 1470 3
1472 1471 3
1472 1472 3
1472 1473 3
1472 1474 3
1473 1475 3
1473 1476 3
1473 1477 3
1474 1470 3
1474 1471 3
1474 1472 3
1474 1473 3
1474 1474 3
1475 1479 3
1475 1480 3
1476 1478 3
1477 1478 3
1481 1481 3
1481 1482 3
1481 1483 3
1482 1478 3
1483 1481 3
1483 1482 3
1483 1483 3
1484 1501 3
1484 1502 3
1484 1503 3
1484 1504 3
1484 1505 3
1485 1487 3
1486 1487 3
1487 1488 3
1487 1489 3
1487 1490 3
1488 1488 3
1488 1489 3
1488 1490 3
1489 1491 14
1489 1492 3
1489 1493 15
1490 1488 3
1490 1489 3
1490 1490 3
1491 1500 3
1493 1494 16
1493 1495 17
1493 1496 3
1494 1499 3
1495 1499 3
1496 1497 16
1496 1498 17
1501 1488 3
1501 1489 3
1501 1490 3
1502 1488 3
1502 1489 3
1502 1490 3
1503 1501 3
1503 1502 3
1503 1503 3
1503 1504 3
1503 1505 3
1504 1506 3
1504 1507 3
1504 1508 15
1504 1509 14
1504 1510 3
1505 1501 3
1505 1502 3
1505 1503 3
1505 1504 3
1505 1505 3
1506 1491 14
1506 1492 3
1506 1493 15
1507 1491 14
1507 1492 3
1507 1493 15
1508 1518 16
1508 1519 3
1508 1520 3
1508 1521 17
1508 1522 3
1509 1513 3
1509 1514 3
1509 1515 3
1510 1511 3
1510 1512 3
1513 1516 3
1513 1517 3
1514 1500 3
1515 1500 3
1518 1529 3
1518 1530 3
1518 1531 3
1519 1494 16
1519 1495 17
1519 1496 3
1520 1494 16
1520 1495 17
1520 1496 3
1521 1529 3
1521 1530 3
1521 1531 3
1522 1523 16
1522 1524 17
1522 1525 3
1522 1526 3
1523 1527 3
1523 1528 3
1524 1527 3
1524 1528 3
1525 1497 16
1525 1498 17
1526 1497 16
1526 1498 17
1529 1527 3
1529 1528 3
1530 1499 3
1531 1499 3
1532 1481 3
1532 1482 3
1532 1483 3
1533 1550 3
1534 1536 3
1535 1487 3
1536 1537 3
1536 1538 3
1536 1539 3
1537 1537 3
1537 1538 3
1537 1539 3
1538 1540 14
1538 1541 3
1538 1542 15
1539 1537 3
1539 1538 3
1539 1539 3
1540 1549 3
1542 1543 16
1542 1544 17
1542 1545 3
1543 1548 3
1544 1548 3
1545 1546 16
1545 1547 17
1550 1551 3
1550 1552 3
1550 1553 3
1551 1551 3
1551 1552 3
1551 1553 3
1552 1554 14
1552 1555 3
1552 1556 15
1553 1551 3
1553 1552 3
1553 1553 3
1554 1563 3
1556 1557 16
1556 1558 17
1556 1559 3
1557 1562 3
1558 1562 3
1559 1560 16
1559 1561 17
1564 1567 3
1564 1568 3
1564 1569 3
1564 1570 3
1564 1571 3
1565 1536 3
1566 1536 3
1567 1537 3
1567 1538 3
1567 1539 3
1568 1537 3
1568 1538 3
1568 1539 3
1569 1567 3
1569 1568 3
1569 1569 3
1569 1570 3
1569 1571 3
1570 1572 3
1570 1573 3
1570 1574 15
1570 1575 14
1570 1576 3
1571 1567 3
1571 1568 3
1571 1569 3
1571 1570 3
1571 1571 3
1572 1540 14
1572 1541 3
1572 1542 15
1573 1540 14
1573 1541 3
1573 1542 15
1574 1584 16
1574 1585 3
1574 1586 3
1574 1587 17
1574 1588 3
1575 1579 3
1575 1580 3
1575 1581 3
1576 1577 3
1576 1578 3
1579 1582 3
1579 1583 3
1580 1549 3
1581 1549 3
1584 1595 3
1584 1596 3
1584 1597 3
1585 1543 16
1585 1544 17
1585 1545 3
1586 1543 16
1586 1544 17
1586 1545 3
1587 1595 3
1587 1596 3
1587 1597 3
1588 1589 16
1588 1590 17
1588 1591 3
1588 1592 3
1589 1593 3
1589 1594 3
1590 1593 3
1590 1594 3
1591 1546 16
1591 1547 17
1592 1546 16
1592 1547 17
1595 1593 3
1595 1594 3
1596 1548 3
1597 1548 3
1598 1601 3
1598 1602 3
1598 1603 3
1598 1604 3
1598 1605 3
1599 1550 3
1600 1550 3
1601 1551 3
1601 1552 3
1601 1553 3
1602 1551 3
1602 1552 3
1602 1553 3
1603 1601 3
1603 1602 3
1603 1603 3
1603 1604 3
1603 1605 3
1604 1606 3
1604 1607 3
1604 1608 15
1604 1609 14
1604 1610 3
1605 1601 3
1605 1602 3
1605 1603 3
1605 1604 3
1605 1605 3
1606 1554 14
1606 1555 3
1606 1556 15
1607 1554 14
1607 1555 3
1607 1556 15
1608 1618 16
1608 1619 3
1608 1620 3
1608 1621 17
1608 1622 3
1609 1613 3
1609 1614 3
1609 1615 3
1610 1611 3
1610 1612 3
1613 1616 3
1613 1617 3
1614 1563 3
1615 1563 3
1618 1629 3
1618 1630 3
1618 1631 3
1619 1557 16
1619 1558 17
1619 1559 3
1620 1557 16
1620 1558 17
1620 1559 3
1621 1629 3
1621 1630 3
1621 1631 3
1622 1623 16
1622 1624 17
1622 1625 3
1622 1626 3
1623 1627 3
1623 1628 3
1624 1627 3
1624 1628 3
1625 1560 16
1625 1561 17
1626 1560 16
1626 1561 17
1629 1627 3
1629 1628 3
1630 1562 3
1631 1562 3
1632 1635 6
1633 1634 7
1633 1635 3
1634 1636 3
1635 1636 7
1636 1637 8
1637 1638 9
1637 1639 3
1638 1640 3
1639 1640 9
1640 1641 10
1641 1642 11
1641 1643 3
1641 1644 12
1641 1645 3
1641 1646 13
1641 1647 3
1642 1776 3
1642 1777 3
1642 1778 3
1643 1710 3
1643 1711 11
1643 1712 12
1643 1713 13
1644 1742 3
1644 1743 3
1644 1744 3
1645 1710 3
1645 1711 11
1645 1712 12
1645 1713 13
1646 1662 3
1646 1663 3
1646 1664 3
1647 1648 3
1647 1649 3
1647 1650 3
1647 1651 3
1647 1652 3
1648 1659 3
1648 1660 3
1648 1661 3
1649 1659 3
1649 1660 3
1649 1661 3
1650 1648 3
1650 1649 3
1650 1650 3
1650 1651 3
1650 1652 3
1651 1653 3
1651 1654 3
1651 1655 3
1652 1648 3
1652 1649 3
1652 1650 3
1652 1651 3
1652 1652 3
1653 1657 3
1653 1658 3
1654 1656 3
1655 1656 3
1659 1659 3
1659 1660 3
1659 1661 3
1660 1656 3
1661 1659 3
1661 1660 3
1661 1661 3
1662 1679 3
1662 1680 3
1662 1681 3
1662 1682 3
1662 1683 3
1663 1665 3
1664 1665 3
1665 1666 3
1665 1667 3
1665 1668 3
1666 1666 3
1666 1667 3
1666 1668 3
1667 1669 14
1667 1670 3
1667 1671 15
1668 1666 3
1668 1667 3
1668 1668 3
1669 1678 3
1671 1672 16
1671 1673 17
1671 1674 3
1672 1677 3
1673 1677 3
1674 1675 16
1674 1676 17
1679 1666 3
1679 1667 3
1679 1668 3
1680 1666 3
1680 1667 3
1680 1668 3
1681 1679 3
1681 1680 3
1681 1681 3
1681 1682 3
1681 1683 3
1682 1684 3
1682 1685 3
1682 1686 15
1682 1687 14
1682 1688 3
1683 1679 3
1683 1680 3
1683 1681 3
1683 1682 3
1683 1683 3
1684 1669 14
1684 1670 3
1684 1671 15
1685 1669 14
1685 1670 3
1685 1671 15
1686 1696 16
1686 1697 3
1686 1698 3
1686 1699 17
1686 1700 3
1687 1691 3
1687 1692 3
1687 1693 3
1688 1689 3
1688 1690 3
1691 1694 3
1691 1695 3
1692 1678 3
1693 1678 3
1696 1707 3
1696 1708 3
1696 1709 3
1697 1672 16
1697 1673 17
1697 1674 3
1698 1672 16
1698 1673 17
1698 1674 3
1699 1707 3
1699 1708 3
1699 1709 3
1700 1701 16
1700 1702 17
1700 1703 3
1700 1704 3
1701 1705 3
1701 1706 3
1702 1705 3
1702 1706 3
1703 1675 16
1703 1676 17
1704 1675 16
1704 1676 17
1707 1705 3
1707 1706 3
1708 1677 3
1709 1677 3
1710 1659 3
1710 1660 3
1710 1661 3
1711 1728 3
1712 1714 3
1713 1665 3
1714 1715 3
1714 1716 3
1714 1717 3
1715 1715 3
1715 1716 3
1715 1717 3
1716 1718 14
1716 1719 3
1716 1720 15
1717 1715 3
1717 1716 3
1717 1717 3
1718 1727 3
1720 1721 16
1720 1722 17
1720 1723 3
1721 1726 3
1722 1726 3
1723 1724 16
1723 1725 17
1728 1729 3
1728 1730 3
1728 1731 3
1729 1729 3
1729 1730 3
1729 1731 3
1730 1732 14
1730 1733 3
1730 1734 15
1731 1729 3
1731 1730 3
1731 1731 3
1732 1741 3
1734 1735 16
1734 1736 17
1734 1737 3
1735 1740 3
1736 1740 3
1737 1738 16
1737 1739 17
1742 1745 3
1742 1746 3
1742 1747 3
1742 1748 3
1742 1749 3
1743 1714 3
1744 1714 3
1745 1715 3
1745 1716 3
1745 1717 3
1746 1715 3
1746 1716 3
1746 1717 3
1747 1745 3
1747 1746 3
1747 1747 3
1747 1748 3
1747 1749 3
1748 1750 3
1748 1751 3
1748 1752 15
1748 1753 14
1748 1754 3
1749 1745 3
1749 1746 3
1749 1747 3
1749 1748 3
1749 1749 3
1750 1718 14
1750 1719 3
1750 1720 15
1751 1718 14
1751 1719 3
1751 1720 15
1752 1762 16
1752 1763 3
1752 1764 3
1752 1765 17
1752 1766 3
1753 1757 3
1753 1758 3
1753 1759 3
1754 1755 3
1754 1756 3
1757 1760 3
1757 1761 3
1758 1727 3
1759 1727 3
1762 1773 3
1762 1774 3
1762 1775 3
1763 1721 16
1763 1722 17
1763 1723 3
1764 1721 16
1764 1722 17
1764 1723 3
1765 1773 3
1765 1774 3
1765 1775 3
1766 1767 16
1766 1768 17
1766 1769 3
1766 1770 3
1767 1771 3
1767 1772 3
1768 1771 3
1768 1772 3
1769 1724 16
1769 1725 17
1770 1724 16
1770 1725 17
1773 1771 3
1773 1772 3
1774 1726 3
1775 1726 3
1776 1779 3
1776 1780 3
1776 1781 3
1776 1782 3
1776 1783 3
1777 1728 3
1778 1728 3
1779 1729 3
1779 1730 3
1779 1731 3
1780 1729 3
1780 1730 3
1780 1731 3
1781 1779 3
1781 1780 3
1781 1781 3
1781 1782 3
1781 1783 3
1782 1784 3
1782 1785 3
1782 1786 15
1782 1787 14
1782 1788 3
1783 1779 3
1783 1780 3
1783 1781 3
1783 1782 3
1783 1783 3
1784 1732 14
1784 1733 3
1784 1734 15
1785 1732 14
1785 1733 3
1785 1734 15
1786 1796 16
1786 1797 3
1786 1798 3
1786 1799 17
1786 1800 3
1787 1791 3
1787 1792 3
1787 1793 3
1788 1789 3
1788 1790 3
1791 1794 3
1791 1795 3
1792 1741 3
1793 1741 3
1796 1807 3
1796 1808 3
1796 1809 3
1797 1735 16
1797 1736 17
1797 1737 3
1798 1735 16
1798 1736 17
1798 1737 3
1799 1807 3
1799 1808 3
1799 1809 3
1800 1801 16
1800 1802 17
1800 1803 3
1800 1804 3
1801 1805 3
1801 1806 3
1802 1805 3
1802 1806 3
1803 1738 16
1803 1739 17
1804 1738 16
1804 1739 17
1807 1805 3
1807 1806 3
1808 1740 3
1809 1740 3
1810 1811 3
1810 1812 3
1811 1991 3
1811 1992 6
1812 1813 3
1812 1814 6
1813 1816 6
1814 1815 7
1814 1816 3
1815 1817 3
1816 1817 7
1817 1818 8
1818 1819 9
1818 1820 3
1819 1821 3
1820 1821 9
1821 1822 10
1822 1823 11
1822 1824 3
1822 1825 12
1822 1826 3
1822 1827 13
1822 1828 3
1823 1957 3
1823 1958 3
1823 1959 3
1824 1891 3
1824 1892 11
1824 1893 12
1824 1894 13
1825 1923 3
1825 1924 3
1825 1925 3
1826 1891 3
1826 1892 11
1826 1893 12
1826 1894 13
1827 1843 3
1827 1844 3
1827 1845 3
1828 1829 3
1828 1830 3
1828 1831 3
1828 1832 3
1828 1833 3
1829 1840 3
1829 1841 3
1829 1842 3
1830 1840 3
1830 1841 3
1830 1842 3
1831 1829 3
1831 1830 3
1831 1831 3
1831 1832 3
1831 1833 3
1832 1834 3
1832 1835 3
1832 1836 3
1833 1829 3
1833 1830 3
1833 1831 3
1833 1832 3
1833 1833 3
1834 1838 3
1834 1839 3
1835 1837 3
1836 1837 3
1840 1840 3
1840 1841 3
1840 1842 3
1841 1837 3
1842 1840 3
1842 1841 3
1842 1842 3
1843 1860 3
1843 1861 3
1843 1862 3
1843 1863 3
1843 1864 3
1844 1846 3
1845 1846 3
1846 1847 3
1846 1848 3
1846 1849 3
1847 1847 3
1847 1848 3
1847 1849 3
1848 1850 14
1848 1851 3
1848 1852 15
1849 1847 3
1849 1848 3
1849 1849 3
1850 1859 3
1852 1853 16
1852 1854 17
1852 1855 3
1853 1858 3
1854 1858 3
1855 1856 16
1855 1857 17
1860 1847 3
1860 1848 3
1860 1849 3
1861 1847 3
1861 1848 3
1861 1849 3
1862 1860 3
1862 1861 3
1862 1862 3
1862 1863 3
1862 1864 3
1863 1865 3
1863 1866 3
1863 1867 15
1863 1868 14
1863 1869 3
1864 1860 3
1864 1861 3
1864 1862 3
1864 1863 3
1864 1864 3
1865 1850 14
1865 1851 3
1865 1852 15
1866 1850 14
1866 1851 3
1866 1852 15
1867 1877 16
1867 1878 3
1867 1879 3
1867 1880 17
1867 1881 3
1868 1872 3
1868 1873 3
1868 1874 3
1869 1870 3
1869 1871 3
1872 1875 3
1872 1876 3
1873 1859 3
1874 1859 3
1877 1888 3
1877 1889 3
1877 1890 3
1878 1853 16
1878 1854 17
1878 1855 3
1879 1853 16
1879 1854 17
1879 1855 3
1880 1888 3
1880 1889 3
1880 1890 3
1881 1882 16
1881 1883 17
1881 1884 3
1881 1885 3
1882 1886 3
1882 1887 3
1883 1886 3
1883 1887 3
1884 1856 16
1884 1857 17
1885 1856 16
1885 1857 17
1888 1886 3
1888 1887 3
1889 1858 3
1890 1858 3
1891 1840 3
1891 1841 3
1891 1842 3
1892 1909 3
1893 1895 3
1894 1846 3
1895 1896 3
1895 1897 3
1895 1898 3
1896 1896 3
1896 1897 3
1896 1898 3
1897 1899 14
1897 1900 3
1897 1901 15
1898 1896 3
1898 1897 3
1898 1898 3
1899 1908 3
1901 1902 16
1901 1903 17
1901 1904 3
1902 1907 3
1903 1907 3
1904 1905 16
1904 1906 17
1909 1910 3
1909 1911 3
1909 1912 3
1910 1910 3
1910 1911 3
1910 1912 3
1911 1913 14
1911 1914 3
1911 1915 15
1912 1910 3
1912 1911 3
1912 1912 3
1913 1922 3
1915 1916 16
1915 1917 17
1915 1918 3
1916 1921 3
1917 1921 3
1918 1919 16
1918 1920 17
1923 1926 3
1923 1927 3
1923 1928 3
1923 1929 3
1923 1930 3
1924 1895 3
1925 1895 3
1926 1896 3
1926 1897 3
1926 1898 3
1927 1896 3
1927 1897 3
1927 1898 3
1928 1926 3
1928 1927 3
1928 1928 3
1928 1929 3
1928 1930 3
1929 1931 3
1929 1932 3
1929 1933 15
1929 1934 14
1929 1935 3
1930 1926 3
1930 1927 3
1930 1928 3
1930 1929 3
1930 1930 3
1931 1899 14
1931 1900 3
1931 1901 15
1932 1899 14
1932 1900 3
1932 1901 15
1933 1943 16
1933 1944 3
1933 1945 3
1933 1946 17
1933 1947 3
1934 1938 3
1934 1939 3
1934 1940 3
1935 1936 3
1935 1937 3
1938 1941 3
1938 1942 3
1939 1908 3
1940 1908 3
1943 1954 3
1943 1955 3
1943 1956 3
1944 1902 16
1944 1903 17
1944 1904 3
1945 1902 16
1945 1903 17
1945 1904 3
1946 1954 3
1946 1955 3
1946 1956 3
1947 1948 16
1947 1949 17
1947 1950 3
1947 1951 3
1948 1952 3
1948 1953 3
1949 1952 3
1949 1953 3
1950 1905 16
1950 1906 17
1951 1905 16
1951 1906 17
1954 1952 3
1954 1953 3
1955 1907 3
1956 1907 3
1957 1960 3
1957 1961 3
1957 1962 3
1957 1963 3
1957 1964 3
1958 1909 3
1959 1909 3
1960 1910 3
1960 1911 3
1960 1912 3
1961 1910 3
1961 1911 3
1961 1912 3
1962 1960 3
1962 1961 3
1962 1962 3
1962 1963 3
1962 1964 3
1963 1965 3
1963 1966 3
1963 1967 15
1963 1968 14
1963 1969 3
1964 1960 3
1964 1961 3
1964 1962 3
1964 1963 3
1964 1964 3
1965 1913 14
1965 1914 3
1965 1915 15
1966 1913 14
1966 1914 3
1966 1915 15
1967 1977 16
1967 1978 3
1967 1979 3
1967 1980 17
1967 1981 3
1968 1972 3
1968 1973 3
1968 1974 3
1969 1970 3
1969 1971 3
1972 1975 3
1972 1976 3
1973 1922 3
1974 1922 3
1977 1988 3
1977 1989 3
1977 1990 3
1978 1916 16
1978 1917 17
1978 1918 3
1979 1916 16
1979 1917 17
1979 1918 3
1980 1988 3
1980 1989 3
1980 1990 3
1981 1982 16
1981 1983 17
1981 1984 3
1981 1985 3
1982 1986 3
1982 1987 3
1983 1986 3
1983 1987 3
1984 1919 16
1984 1920 17
1985 1919 16
1985 1920 17
1988 1986 3
1988 1987 3
1989 1921 3
1990 1921 3
1991 1994 6
1992 1993 7
1992 1994 3
1993 1995 3
1994 1995 7
1995 1996 8
1996 1997 9
1996 1998 3
1997 1999 3
1998 1999 9
1999 2000 10
2000 2001 11
2000 2002 3
2000 2003 12
2000 2004 3
2000 2005 13
2000 2006 3
2001 2135 3
2001 2136 3
2001 2137 3
2002 2069 3
2002 2070 11
2002 2071 12
2002 2072 13
2003 2101 3
2003 2102 3
2003 2103 3
2004 2069 3
2004 2070 11
2004 2071 12
2004 2072 13
2005 2021 3
2005 2022 3
2005 2023 3
2006 2007 3
2006 2008 3
2006 2009 3
2006 2010 3
2006 2011 3
2007 2018 3
2007 2019 3
2007 2020 3
2008 2018 3
2008 2019 3
2008 2020 3
2009 2007 3
2009 2008 3
2009 2009 3
2009 2010 3
2009 2011 3
2010 2012 3
2010 2013 3
2010 2014 3
2011 2007 3
2011 2008 3
2011 2009 3
2011 2010 3
2011 2011 3
2012 2016 3
2012 2017 3
2013 2015 3
2014 2015 3
2018 2018 3
2018 2019 3
2018 2020 3
2019 2015 3
2020 2018 3
2020 2019 3
2020 2020 3
2021 2038 3
2021 2039 3
2021 2040 3
2021 2041 3
2021 2042 3
2022 2024 3
2023 2024 3
2024 2025 3
2024 2026 3
2024 2027 3
2025 2025 3
2025 2026 3
2025 2027 3
2026 2028 14
2026 2029 3
2026 2030 15
2027 2025 3
2027 2026 3
2027 2027 3
2028 2037 3
2030 2031 16
2030 2032 17
2030 2033 3
2031 2036 3
2032 2036 3
2033 2034 16
2033 2035 17
2038 2025 3
2038 2026 3
2038 2027 3
2039 2025 3
2039 2026 3
2039 2027 3
2040 2038 3
2040 2039 3
2040 2040 3
2040 2041 3
2040 2042 3
2041 2043 3
2041 2044 3
2041 2045 15
2041 2046 14
2041 2047 3
2042 2038 3
2042 2039 3
2042 2040 3
2042 2041 3
2042 2042 3
2043 2028 14
2043 2029 3
2043 2030 15
2044 2028 14
2044 2029 3
2044 2030 15
2045 2055 16
2045 2056 3
2045 2057 3
2045 2058 17
2045 2059 3
2046 2050 3
2046 2051 3
2046 2052 3
2047 2048 3
2047 2049 3
2050 2053 3
2050 2054 3
2051 2037 3
2052 2037 3
2055 2066 3
2055 2067 3
2055 2068 3
2056 2031 16
2056 2032 17
2056 2033 3
2057 2031 16
2057 2032 17
2057 2033 3
2058 2066 3
2058 2067 3
2058 2068 3
2059 2060 16
2059 2061 17
2059 2062 3
2059 2063 3
2060 2064 3
2060 2065 3
2061 2064 3
2061 2065 3
2062 2034 16
2062 2035 17
2063 2034 16
2063 2035 17
2066 2064 3
2066 2065 3
2067 2036 3
2068 2036 3
2069 2018 3
2069 2019 3
2069 2020 3
2070 2087 3
2071 2073 3
2072 2024 3
2073 2074 3
2073 2075 3
2073 2076 3
2074 2074 3
2074 2075 3
2074 2076 3
2075 2077 14
2075 2078 3
2075 2079 15
2076 2074 3
2076 2075 3
2076 2076 3
2077 2086 3
2079 2080 16
2079 2081 17
2079 2082 3
2080 2085 3
2081 2085 3
2082 2083 16
2082 2084 17
2087 2088 3
2087 2089 3
2087 2090 3
2088 2088 3
2088 2089 3
2088 2090 3
2089 2091 14
2089 2092 3
2089 2093 15
2090 2088 3
2090 2089 3
2090 2090 3
2091 2100 3
2093 2094 16
2093 2095 17
2093 2096 3
2094 2099 3
2095 2099 3
2096 2097 16
2096 2098 17
2101 2104 3
2101 2105 3
2101 2106 3
2101 2107 3
2101 2108 3
2102 2073 3
2103 2073 3
2104 2074 3
2104 2075 3
2104 2076 3
2105 2074 3
2105 2075 3
2105 2076 3
2106 2104 3
2106 2105 3
2106 2106 3
2106 2107 3
2106 2108 3
2107 2109 3
2107 2110 3
2107 2111 15
2107 2112 14
2107 2113 3
2108 2104 3
2108 2105 3
2108 2106 3
2108 2107 3
2108 2108 3
2109 2077 14
2109 2078 3
2109 2079 15
2110 2077 14
2110 2078 3
2110 2079 15
2111 2121 16
2111 2122 3
2111 2123 3
2111 2124 17
2111 2125 3
2112 2116 3
2112 2117 3
2112 2118 3
2113 2114 3
2113 2115 3
2116 2119 3
2116 2120 3
2117 2086 3
2118 2086 3
2121 2132 3
2121 2133 3
2121 2134 3
2122 2080 16
2122 2081 17
2122 2082 3
2123 2080 16
2123 2081 17
2123 2082 3
2124 2132 3
2124 2133 3
2124 2134 3
2125 2126 16
2125 2127 17
2125 2128 3
2125 2129 3
2126 2130 3
2126 2131 3
2127 2130 3
2127 2131 3
2128 2083 16
2128 2084 17
2129 2083 16
2129 2084 17
2132 2130 3
2132 2131 3
2133 2085 3
2134 2085 3
2135 2138 3
2135 2139 3
2135 2140 3
2135 2141 3
2135 2142 3
2136 2087 3
2137 2087 3
2138 2088 3
2138 2089 3
2138 2090 3
2139 2088 3
2139 2089 3
2139 2090 3
2140 2138 3
2140 2139 3
2140 2140 3
2140 2141 3
2140 2142 3
2141 2143 3
2141 2144 3
2141 2145 15
2141 2146 14
2141 2147 3
2142 2138 3
2142 2139 3
2142 2140 3
2142 2141 3
2142 2142 3
2143 2091 14
2143 2092 3
2143 2093 15
2144 2091 14
2144 2092 3
2144 2093 15
2145 2155 16
2145 2156 3
2145 2157 3
2145 2158 17
2145 2159 3
2146 2150 3
2146 2151 3
2146 2152 3
2147 2148 3
2147 2149 3
2150 2153 3
2150 2154 3
2151 2100 3
2152 2100 3
2155 2166 3
2155 2167 3
2155 2168 3
2156 2094 16
2156 2095 17
2156 2096 3
2157 2094 16
2157 2095 17
2157 2096 3
2158 2166 3
2158 2167 3
2158 2168 3
2159 2160 16
2159 2161 17
2159 2162 3
2159 2163 3
2160 2164 3
2160 2165 3
2161 2164 3
2161 2165 3
2162 2097 16
2162 2098 17
2163 2097 16
2163 2098 17
2166 2164 3
2166 2165 3
2167 2099 3
2168 2099 3
2169 2530 5
2170 2171 5
2171 2172 3
2171 2173 3
2172 2352 6
2172 2353 3
2173 2174 6
2173 2175 3
2174 2176 3
2174 2351 7
2175 2176 6
2176 2177 7
2177 2178 8
2178 2179 3
2178 2180 9
2179 2181 9
2180 2181 3
2181 2182 10
2182 2183 11
2182 2184 3
2182 2185 12
2182 2186 3
2182 2187 13
2182 2188 3
2183 2317 3
2183 2318 3
2183 2319 3
2184 2251 3
2184 2252 11
2184 2253 12
2184 2254 13
2185 2283 3
2185 2284 3
2185 2285 3
2186 2251 3
2186 2252 11
2186 2253 12
2186 2254 13
2187 2203 3
2187 2204 3
2187 2205 3
2188 2189 3
2188 2190 3
2188 2191 3
2188 2192 3
2188 2193 3
2189 2200 3
2189 2201 3
2189 2202 3
2190 2200 3
2190 2201 3
2190 2202 3
2191 2189 3
2191 2190 3
2191 2191 3
2191 2192 3
2191 2193 3
2192 2194 3
2192 2195 3
2192 2196 3
2193 2189 3
2193 2190 3
2193 2191 3
2193 2192 3
2193 2193 3
2194 2198 3
2194 2199 3
2195 2197 3
2196 2197 3
2200 2200 3
2200 2201 3
2200 2202 3
2201 2197 3
2202 2200 3
2202 2201 3
2202 2202 3
2203 2220 3
2203 2221 3
2203 2222 3
2203 2223 3
2203 2224 3
2204 2206 3
2205 2206 3
2206 2207 3
2206 2208 3
2206 2209 3
2207 2207 3
2207 2208 3
2207 2209 3
2208 2210 14
2208 2211 3
2208 2212 15
2209 2207 3
2209 2208 3
2209 2209 3
2210 2219 3
2212 2213 16
2212 2214 17
2212 2215 3
2213 2218 3
2214 2218 3
2215 2216 16
2215 2217 17
2220 2207 3
2220 2208 3
2220 2209 3
2221 2207 3
2221 2208 3
2221 2209 3
2222 2220 3
2222 2221 3
2222 2222 3
2222 2223 3
2222 2224 3
2223 2225 3
2223 2226 3
2223 2227 15
2223 2228 14
2223 2229 3
2224 2220 3
2224 2221 3
2224 2222 3
2224 2223 3
2224 2224 3
2225 2210 14
2225 2211 3
2225 2212 15
2226 2210 14
2226 2211 3
2226 2212 15
2227 2237 16
2227 2238 3
2227 2239 3
2227 2240 17
2227 2241 3
2228 2232 3
2228 2233 3
2228 2234 3
2229 2230 3
2229 2231 3
2232 2235 3
2232 2236 3
2233 2219 3
2234 2219 3
2237 2248 3
2237 2249 3
2237 2250 3
2238 2213 16
2238 2214 17
2238 2215 3
2239 2213 16
2239 2214 17
2239 2215 3
2240 2248 3
2240 2249 3
2240 2250 3
2241 2242 16
2241 2243 17
2241 2244 3
2241 2245 3
2242 2246 3
2242 2247 3
2243 2246 3
2243 2247 3
2244 2216 16
2244 2217 17
2245 2216 16
2245 2217 17
2248 2246 3
2248 2247 3
2249 2218 3
2250 2218 3
2251 2200 3
2251 2201 3
2251 2202 3
2252 2269 3
2253 2255 3
2254 2206 3
2255 2256 3
2255 2257 3
2255 2258 3
2256 2256 3
2256 2257 3
2256 2258 3
2257 2259 14
2257 2260 3
2257 2261 15
2258 2256 3
2258 2257 3
2258 2258 3
2259 2268 3
2261 2262 16
2261 2263 17
2261 2264 3
2262 2267 3
2263 2267 3
2264 2265 16
2264 2266 17
2269 2270 3
2269 2271 3
2269 2272 3
2270 2270 3
2270 2271 3
2270 2272 3
2271 2273 14
2271 2274 3
2271 2275 15
2272 2270 3
2272 2271 3
2272 2272 3
2273 2282 3
2275 2276 16
2275 2277 17
2275 2278 3
2276 2281 3
2277 2281 3
2278 2279 16
2278 2280 17
2283 2286 3
2283 2287 3
2283 2288 3
2283 2289 3
2283 2290 3
2284 2255 3
2285 2255 3
2286 2256 3
2286 2257 3
2286 2258 3
2287 2256 3
2287 2257 3
2287 2258 3
2288 2286 3
2288 2287 3
2288 2288 3
2288 2289 3
2288 2290 3
2289 2291 3
2289 2292 3
2289 2293 15
2289 2294 14
2289 2295 3
2290 2286 3
2290 2287 3
2290 2288 3
2290 2289 3
2290 2290 3
2291 2259 14
2291 2260 3
2291 2261 15
2292 2259 14
2292 2260 3
2292 2261 15
2293 2303 16
2293 2304 3
2293 2305 3
2293 2306 17
2293 2307 3
2294 2298 3
2294 2299 3
2294 2300 3
2295 2296 3
2295 2297 3
2298 2301 3
2298 2302 3
2299 2268 3
2300 2268 3
2303 2314 3
2303 2315 3
2303 2316 3
2304 2262 16
2304 2263 17
2304 2264 3
2305 2262 16
2305 2263 17
2305 2264 3
2306 2314 3
2306 2315 3
2306 2316 3
2307 2308 16
2307 2309 17
2307 2310 3
2307 2311 3
2308 2312 3
2308 2313 3
2309 2312 3
2309 2313 3
2310 2265 16
2310 2266 17
2311 2265 16
2311 2266 17
2314 2312 3
2314 2313 3
2315 2267 3
2316 2267 3
2317 2320 3
2317 2321 3
2317 2322 3
2317 2323 3
2317 2324 3
2318 2269 3
2319 2269 3
2320 2270 3
2320 2271 3
2320 2272 3
2321 2270 3
2321 2271 3
2321 2272 3
2322 2320 3
2322 2321 3
2322 2322 3
2322 2323 3
2322 2324 3
2323 2325 3
2323 2326 3
2323 2327 15
2323 2328 14
2323 2329 3
2324 2320 3
2324 2321 3
2324 2322 3
2324 2323 3
2324 2324 3
2325 2273 14
2325 2274 3
2325 2275 15
2326 2273 14
2326 2274 3
2326 2275 15
2327 2337 16
2327 2338 3
2327 2339 3
2327 2340 17
2327 2341 3
2328 2332 3
2328 2333 3
2328 2334 3
2329 2330 3
2329 2331 3
2332 2335 3
2332 2336 3
2333 2282 3
2334 2282 3
2337 2348 3
2337 2349 3
2337 2350 3
2338 2276 16
2338 2277 17
2338 2278 3
2339 2276 16
2339 2277 17
2339 2278 3
2340 2348 3
2340 2349 3
2340 2350 3
2341 2342 16
2341 2343 17
2341 2344 3
2341 2345 3
2342 2346 3
2342 2347 3
2343 2346 3
2343 2347 3
2344 2279 16
2344 2280 17
2345 2279 16
2345 2280 17
2348 2346 3
2348 2347 3
2349 2281 3
2350 2281 3
2351 2177 3
2352 2354 3
2352 2529 7
2353 2354 6
2354 2355 7
2355 2356 8
2356 2357 3
2356 2358 9
2357 2359 9
2358 2359 3
2359 2360 10
2360 2361 11
2360 2362 3
2360 2363 12
2360 2364 3
2360 2365 13
2360 2366 3
2361 2495 3
2361 2496 3
2361 2497 3
2362 2429 3
2362 2430 11
2362 2431 12
2362 2432 13
2363 2461 3
2363 2462 3
2363 2463 3
2364 2429 3
2364 2430 11
2364 2431 12
2364 2432 13
2365 2381 3
2365 2382 3
2365 2383 3
2366 2367 3
2366 2368 3
2366 2369 3
2366 2370 3
2366 2371 3
2367 2378 3
2367 2379 3
2367 2380 3
2368 2378 3
2368 2379 3
2368 2380 3
2369 2367 3
2369 2368 3
2369 2369 3
2369 2370 3
2369 2371 3
2370 2372 3
2370 2373 3
2370 2374 3
2371 2367 3
2371 2368 3
2371 2369 3
2371 2370 3
2371 2371 3
2372 2376 3
2372 2377 3
2373 2375 3
2374 2375 3
2378 2378 3
2378 2379 3
2378 2380 3
2379 2375 3
2380 2378 3
2380 2379 3
2380 2380 3
2381 2398 3
2381 2399 3
2381 2400 3
2381 2401 3
2381 2402 3
2382 2384 3
2383 2384 3
2384 2385 3
2384 2386 3
2384 2387 3
2385 2385 3
2385 2386 3
2385 2387 3
2386 2388 14
2386 2389 3
2386 2390 15
2387 2385 3
2387 2386 3
2387 2387 3
2388 2397 3
2390 2391 16
2390 2392 17
2390 2393 3
2391 2396 3
2392 2396 3
2393 2394 16
2393 2395 17
2398 2385 3
2398 2386 3
2398 2387 3
2399 2385 3
2399 2386 3
2399 2387 3
2400 2398 3
2400 2399 3
2400 2400 3
2400 2401 3
2400 2402 3
2401 2403 3
2401 2404 3
2401 2405 15
2401 2406 14
2401 2407 3
2402 2398 3
2402 2399 3
2402 2400 3
2402 2401 3
2402 2402 3
2403 2388 14
2403 2389 3
2403 2390 15
2404 2388 14
2404 2389 3
2404 2390 15
2405 2415 16
2405 2416 3
2405 2417 3
2405 2418 17
2405 2419 3
2406 2410 3
2406 2411 3
2406 2412 3
2407 2408 3
2407 2409 3
2410 2413 3
2410 2414 3
2411 2397 3
2412 2397 3
2415 2426 3
2415 2427 3
2415 2428 3
2416 2391 16
2416 2392 17
2416 2393 3
2417 2391 16
2417 2392 17
2417 2393 3
2418 2426 3
2418 2427 3
2418 2428 3
2419 2420 16
2419 2421 17
2419 2422 3
2419 2423 3
2420 2424 3
2420 2425 3
2421 2424 3
2421 2425 3
2422 2394 16
2422 2395 17
2423 2394 16
2423 2395 17
2426 2424 3
2426 2425 3
2427 2396 3
2428 2396 3
2429 2378 3
2429 2379 3
2429 2380 3
2430 2447 3
2431 2433 3
2432 2384 3
2433 2434 3
2433 2435 3
2433 2436 3
2434 2434 3
2434 2435 3
2434 2436 3
2435 2437 14
2435 2438 3
2435 2439 15
2436 2434 3
2436 2435 3
2436 2436 3
2437 2446 3
2439 2440 16
2439 2441 17
2439 2442 3
2440 2445 3
2441 2445 3
2442 2443 16
2442 2444 17
2447 2448 3
2447 2449 3
2447 2450 3
2448 2448 3
2448 2449 3
2448 2450 3
2449 2451 14
2449 2452 3
2449 2453 15
2450 2448 3
2450 2449 3
2450 2450 3
2451 2460 3
2453 2454 16
2453 2455 17
2453 2456 3
2454 2459 3
2455 2459 3
2456 2457 16
2456 2458 17
2461 2464 3
2461 2465 3
2461 2466 3
2461 2467 3
2461 2468 3
2462 2433 3
2463 2433 3
2464 2434 3
2464 2435 3
2464 2436 3
2465 2434 3
2465 2435 3
2465 2436 3
2466 2464 3
2466 2465 3
2466 2466 3
2466 2467 3
2466 2468 3
2467 2469 3
2467 2470 3
2467 2471 15
2467 2472 14
2467 2473 3
2468 2464 3
2468 2465 3
2468 2466 3
2468 2467 3
2468 2468 3
2469 2437 14
2469 2438 3
2469 2439 15
2470 2437 14
2470 2438 3
2470 2439 15
2471 2481 16
2471 2482 3
2471 2483 3
2471 2484 17
2471 2485 3
2472 2476 3
2472 2477 3
2472 2478 3
2473 2474 3
2473 2475 3
2476 2479 3
2476 2480 3
2477 2446 3
2478 2446 3
2481 2492 3
2481 2493 3
2481 2494 3
2482 2440 16
2482 2441 17
2482 2442 3
2483 2440 16
2483 2441 17
2483 2442 3
2484 2492 3
2484 2493 3
2484 2494 3
2485 2486 16
2485 2487 17
2485 2488 3
2485 2489 3
2486 2490 3
2486 2491 3
2487 2490 3
2487 2491 3
2488 2443 16
2488 2444 17
2489 2443 16
2489 2444 17
2492 2490 3
2492 2491 3
2493 2445 3
2494 2445 3
2495 2498 3
2495 2499 3
2495 2500 3
2495 2501 3
2495 2502 3
2496 2447 3
2497 2447 3
2498 2448 3
2498 2449 3
2498 2450 3
2499 2448 3
2499 2449 3
2499 2450 3
2500 2498 3
2500 2499 3
2500 2500 3
2500 2501 3
2500 2502 3
2501 2503 3
2501 2504 3
2501 2505 15
2501 2506 14
2501 2507 3
2502 2498 3
2502 2499 3
2502 2500 3
2502 2501 3
2502 2502 3
2503 2451 14
2503 2452 3
2503 2453 15
2504 2451 14
2504 2452 3
2504 2453 15
2505 2515 16
2505 2516 3
2505 2517 3
2505 2518 17
2505 2519 3
2506 2510 3
2506 2511 3
2506 2512 3
2507 2508 3
2507 2509 3
2510 2513 3
2510 2514 3
2511 2460 3
2512 2460 3
2515 2526 3
2515 2527 3
2515 2528 3
2516 2454 16
2516 2455 17
2516 2456 3
2517 2454 16
2517 2455 17
2517 2456 3
2518 2526 3
2518 2527 3
2518 2528 3
2519 2520 16
2519 2521 17
2519 2522 3
2519 2523 3
2520 2524 3
2520 2525 3
2521 2524 3
2521 2525 3
2522 2457 16
2522 2458 17
2523 2457 16
2523 2458 17
2526 2524 3
2526 2525 3
2527 2459 3
2528 2459 3
2529 2355 3
2530 2531 3
2530 2532 3
2531 2711 6
2531 2712 3
2532 2533 6
2532 2534 3
2533 2535 3
2533 2710 7
2534 2535 6
2535 2536 7
2536 2537 8
2537 2538 3
2537 2539 9
2538 2540 9
2539 2540 3
2540 2541 10
2541 2542 11
2541 2543 3
2541 2544 12
2541 2545 3
2541 2546 13
2541 2547 3
2542 2676 3
2542 2677 3
2542 2678 3
2543 2610 3
2543 2611 11
2543 2612 12
2543 2613 13
2544 2642 3
2544 2643 3
2544 2644 3
2545 2610 3
2545 2611 11
2545 2612 12
2545 2613 13
2546 2562 3
2546 2563 3
2546 2564 3
2547 2548 3
2547 2549 3
2547 2550 3
2547 2551 3
2547 2552 3
2548 2559 3
2548 2560 3
2548 2561 3
2549 2559 3
2549 2560 3
2549 2561 3
2550 2548 3
2550 2549 3
2550 2550 3
2550 2551 3
2550 2552 3
2551 2553 3
2551 2554 3
2551 2555 3
2552 2548 3
2552 2549 3
2552 2550 3
2552 2551 3
2552 2552 3
2553 2557 3
2553 2558 3
2554 2556 3
2555 2556 3
2559 2559 3
2559 2560 3
2559 2561 3
2560 2556 3
2561 2559 3
2561 2560 3
2561 2561 3
2562 2579 3
2562 2580 3
2562 2581 3
2562 2582 3
2562 2583 3
2563 2565 3
2564 2565 3
2565 2566 3
2565 2567 3
2565 2568 3
2566 2566 3
2566 2567 3
2566 2568 3
2567 2569 14
2567 2570 3
2567 2571 15
2568 2566 3
2568 2567 3
2568 2568 3
2569 2578 3
2571 2572 16
2571 2573 17
2571 2574 3
2572 2577 3
2573 2577 3
2574 2575 16
2574 2576 17
2579 2566 3
2579 2567 3
2579 2568 3
2580 2566 3
2580 2567 3
2580 2568 3
2581 2579 3
2581 2580 3
2581 2581 3
2581 2582 3
2581 2583 3
2582 2584 3
2582 2585 3
2582 2586 15
2582 2587 14
2582 2588 3
2583 2579 3
2583 2580 3
2583 2581 3
2583 2582 3
2583 2583 3
2584 2569 14
2584 2570 3
2584 2571 15
2585 2569 14
2585 2570 3
2585 2571 15
2586 2596 16
2586 2597 3
2586 2598 3
2586 2599 17
2586 2600 3
2587 2591 3
2587 2592 3
2587 2593 3
2588 2589 3
2588 2590 3
2591 2594 3
2591 2595 3
2592 2578 3
2593 2578 3
2596 2607 3
2596 2608 3
2596 2609 3
2597 2572 16
2597 2573 17
2597 2574 3
2598 2572 16
2598 2573 17
2598 2574 3
2599 2607 3
2599 2608 3
2599 2609 3
2600 2601 16
2600 2602 17
2600 2603 3
2600 2604 3
2601 2605 3
2601 2606 3
2602 2605 3
2602 2606 3
2603 2575 16
2603 2576 17
2604 2575 16
2604 2576 17
2607 2605 3
2607 2606 3
2608 2577 3
2609 2577 3
2610 2559 3
2610 2560 3
2610 2561 3
2611 2628 3
2612 2614 3
2613 2565 3
2614 2615 3
2614 2616 3
2614 2617 3
2615 2615 3
2615 2616 3
2615 2617 3
2616 2618 14
2616 2619 3
2616 2620 15
2617 2615 3
2617 2616 3
2617 2617 3
2618 2627 3
2620 2621 16
2620 2622 17
2620 2623 3
2621 2626 3
2622 2626 3
2623 2624 16
2623 2625 17
2628 2629 3
2628 2630 3
2628 2631 3
2629 2629 3
2629 2630 3
2629 2631 3
2630 2632 14
2630 2633 3
2630 2634 15
2631 2629 3
2631 2630 3
2631 2631 3
2632 2641 3
2634 2635 16
2634 2636 17
2634 2637 3
2635 2640 3
2636 2640 3
2637 2638 16
2637 2639 17
2642 2645 3
2642 2646 3
2642 2647 3
2642 2648 3
2642 2649 3
2643 2614 3
2644 2614 3
2645 2615 3
2645 2616 3
2645 2617 3
2646 2615 3
2646 2616 3
2646 2617 3
2647 2645 3
2647 2646 3
2647 2647 3
2647 2648 3
2647 2649 3
2648 2650 3
2648 2651 3
2648 2652 15
2648 2653 14
2648 2654 3
2649 2645 3
2649 2646 3
2649 2647 3
2649 2648 3
2649 2649 3
2650 2618 14
2650 2619 3
2650 2620 15
2651 2618 14
2651 2619 3
2651 2620 15
2652 2662 16
2652 2663 3
2652 2664 3
2652 2665 17
2652 2666 3
2653 2657 3
2653 2658 3
2653 2659 3
2654 2655 3
2654 2656 3
2657 2660 3
2657 2661 3
2658 2627 3
2659 2627 3
2662 2673 3
2662 2674 3
2662 2675 3
2663 2621 16
2663 2622 17
2663 2623 3
2664 2621 16
2664 2622 17
2664 2623 3
2665 2673 3
2665 2674 3
2665 2675 3
2666 2667 16
2666 2668 17
2666 2669 3
2666 2670 3
2667 2671 3
2667 2672 3
2668 2671 3
2668 2672 3
2669 2624 16
2669 2625 17
2670 2624 16
2670 2625 17
2673 2671 3
2673 2672 3
2674 2626 3
2675 2626 3
2676 2679 3
2676 2680 3
2676 2681 3
2676 2682 3
2676 2683 3
2677 2628 3
2678 2628 3
2679 2629 3
2679 2630 3
2679 2631 3
2680 2629 3
2680 2630 3
2680 2631 3
2681 2679 3
2681 2680 3
2681 2681 3
2681 2682 3
2681 2683 3
2682 2684 3
2682 2685 3
2682 2686 15
2682 2687 14
2682 2688 3
2683 2679 3
2683 2680 3
2683 2681 3
2683 2682 3
2683 2683 3
2684 2632 14
2684 2633 3
2684 2634 15
2685 2632 14
2685 2633 3
2685 2634 15
2686 2696 16
2686 2697 3
2686 2698 3
2686 2699 17
2686 2700 3
2687 2691 3
2687 2692 3
2687 2693 3
2688 2689 3
2688 2690 3
2691 2694 3
2691 2695 3
2692 2641 3
2693 2641 3
2696 2707 3
2696 2708 3
2696 2709 3
2697 2635 16
2697 2636 17
2697 2637 3
2698 2635 16
2698 2636 17
2698 2637 3
2699 2707 3
2699 2708 3
2699 2709 3
2700 2701 16
2700 2702 17
2700 2703 3
2700 2704 3
2701 2705 3
2701 2706 3
2702 2705 3
2702 2706 3
2703 2638 16
2703 2639 17
2704 2638 16
2704 2639 17
2707 2705 3
2707 2706 3
2708 2640 3
2709 2640 3
2710 2536 3
2711 2713 3
2711 2888 7
2712 2713 6
2713 2714 7
2714 2715 8
2715 2716 3
2715 2717 9
2716 2718 9
2717 2718 3
2718 2719 10
2719 2720 11
2719 2721 3
2719 2722 12
2719 2723 3
2719 2724 13
2719 2725 3
2720 2854 3
2720 2855 3
2720 2856 3
2721 2788 3
2721 2789 11
2721 2790 12
2721 2791 13
2722 2820 3
2722 2821 3
2722 2822 3
2723 2788 3
2723 2789 11
2723 2790 12
2723 2791 13
2724 2740 3
2724 2741 3
2724 2742 3
2725 2726 3
2725 2727 3
2725 2728 3
2725 2729 3
2725 2730 3
2726 2737 3
2726 2738 3
2726 2739 3
2727 2737 3
2727 2738 3
2727 2739 3
2728 2726 3
2728 2727 3
2728 2728 3
2728 2729 3
2728 2730 3
2729 2731 3
2729 2732 3
2729 2733 3
2730 2726 3
2730 2727 3
2730 2728 3
2730 2729 3
2730 2730 3
2731 2735 3
2731 2736 3
2732 2734 3
2733 2734 3
2737 2737 3
2737 2738 3
2737 2739 3
2738 2734 3
2739 2737 3
2739 2738 3
2739 2739 3
2740 2757 3
2740 2758 3
2740 2759 3
2740 2760 3
2740 2761 3
2741 2743 3
2742 2743 3
2743 2744 3
2743 2745 3
2743 2746 3
2744 2744 3
2744 2745 3
2744 2746 3
2745 2747 14
2745 2748 3
2745 2749 15
2746 2744 3
2746 2745 3
2746 2746 3
2747 2756 3
2749 2750 16
2749 2751 17
2749 2752 3
2750 2755 3
2751 2755 3
2752 2753 16
2752 2754 17
2757 2744 3
2757 2745 3
2757 2746 3
2758 2744 3
2758 2745 3
2758 2746 3
2759 2757 3
2759 2758 3
2759 2759 3
2759 2760 3
2759 2761 3
2760 2762 3
2760 2763 3
2760 2764 15
2760 2765 14
2760 2766 3
2761 2757 3
2761 2758 3
2761 2759 3
2761 2760 3
2761 2761 3
2762 2747 14
2762 2748 3
2762 2749 15
2763 2747 14
2763 2748 3
2763 2749 15
2764 2774 16
2764 2775 3
2764 2776 3
2764 2777 17
2764 2778 3
2765 2769 3
2765 2770 3
2765 2771 3
2766 2767 3
2766 2768 3
2769 2772 3
2769 2773 3
2770 2756 3
2771 2756 3
2774 2785 3
2774 2786 3
2774 2787 3
2775 2750 16
2775 2751 17
2775 2752 3
2776 2750 16
2776 2751 17
2776 2752 3
2777 2785 3
2777 2786 3
2777 2787 3
2778 2779 16
2778 2780 17
2778 2781 3
2778 2782 3
2779 2783 3
2779 2784 3
2780 2783 3
2780 2784 3
2781 2753 16
2781 2754 17
2782 2753 16
2782 2754 17
2785 2783 3
2785 2784 3
2786 2755 3
2787 2755 3
2788 2737 3
2788 2738 3
2788 2739 3
2789 2806 3
2790 2792 3
2791 2743 3
2792 2793 3
2792 2794 3
2792 2795 3
2793 2793 3
2793 2794 3
2793 2795 3
2794 2796 14
2794 2797 3
2794 2798 15
2795 2793 3
2795 2794 3
2795 2795 3
2796 2805 3
2798 2799 16
2798 2800 17
2798 2801 3
2799 2804 3
2800 2804 3
2801 2802 16
2801 2803 17
2806 2807 3
2806 2808 3
2806 2809 3
2807 2807 3
2807 2808 3
2807 2809 3
2808 2810 14
2808 2811 3
2808 2812 15
2809 2807 3
2809 2808 3
2809 2809 3
2810 2819 3
2812 2813 16
2812 2814 17
2812 2815 3
2813 2818 3
2814 2818 3
2815 2816 16
2815 2817 17
2820 2823 3
2820 2824 3
2820 2825 3
2820 2826 3
2820 2827 3
2821 2792 3
2822 2792 3
2823 2793 3
2823 2794 3
2823 2795 3
2824 2793 3
2824 2794 3
2824 2795 3
2825 2823 3
2825 2824 3
2825 2825 3
2825 2826 3
2825 2827 3
2826 2828 3
2826 2829 3
2826 2830 15
2826 2831 14
2826 2832 3
2827 2823 3
2827 2824 3
2827 2825 3
2827 2826 3
2827 2827 3
2828 2796 14
2828 2797 3
2828 2798 15
2829 2796 14
2829 2797 3
2829 2798 15
2830 2840 16
2830 2841 3
2830 2842 3
2830 2843 17
2830 2844 3
2831 2835 3
2831 2836 3
2831 2837 3
2832 2833 3
2832 2834 3
2835 2838 3
2835 2839 3
2836 2805 3
2837 2805 3
2840 2851 3
2840 2852 3
2840 2853 3
2841 2799 16
2841 2800 17
2841 2801 3
2842 2799 16
2842 2800 17
2842 2801 3
2843 2851 3
2843 2852 3
2843 2853 3
2844 2845 16
2844 2846 17
2844 2847 3
2844 2848 3
2845 2849 3
2845 2850 3
2846 2849 3
2846 2850 3
2847 2802 16
2847 2803 17
2848 2802 16
2848 2803 17
2851 2849 3
2851 2850 3
2852 2804 3
2853 2804 3
2854 2857 3
2854 2858 3
2854 2859 3
2854 2860 3
2854 2861 3
2855 2806 3
2856 2806 3
2857 2807 3
2857 2808 3
2857 2809 3
2858 2807 3
2858 2808 3
2858 2809 3
2859 2857 3
2859 2858 3
2859 2859 3
2859 2860 3
2859 2861 3
2860 2862 3
2860 2863 3
2860 2864 15
2860 2865 14
2860 2866 3
2861 2857 3
2861 2858 3
2861 2859 3
2861 2860 3
2861 2861 3
2862 2810 14
2862 2811 3
2862 2812 15
2863 2810 14
2863 2811 3
2863 2812 15
2864 2874 16
2864 2875 3
2864 2876 3
2864 2877 17
2864 2878 3
2865 2869 3
2865 2870 3
2865 2871 3
2866 2867 3
2866 2868 3
2869 2872 3
2869 2873 3
2870 2819 3
2871 2819 3
2874 2885 3
2874 2886 3
2874 2887 3
2875 2813 16
2875 2814 17
2875 2815 3
2876 2813 16
2876 2814 17
2876 2815 3
2877 2885 3
2877 2886 3
2877 2887 3
2878 2879 16
2878 2880 17
2878 2881 3
2878 2882 3
2879 2883 3
2879 2884 3
2880 2883 3
2880 2884 3
2881 2816 16
2881 2817 17
2882 2816 16
2882 2817 17
2885 2883 3
2885 2884 3
2886 2818 3
2887 2818 3
2888 2714 3
105
1 0
1 1
1 2
3 3 4 5
2 726 6
2 727 7
10 8 9 10 11 910 728 729 730 732 189
8 192 12 909 14 911 731 733 190
8 193 908 13 15 912 1086 734 191
8 736 194 196 16 913 18 914 735
4 17 19 197 195
38 267 20 22 24 26 27 28 29 30 31 32 33 34 35 36 37 38 39 40 198 200 202 204 205 206 207 208 209 210 211 212 213 214 215 216 89 217 218
120 21 23 25 41 42 43 44 45 46 47 49 58 59 60 61 62 63 64 67 68 69 90 91 92 93 94 95 96 98 107 108 109 110 112 121 122 123 124 125 126 127 128 129 130 133 134 135 155 156 157 158 159 160 161 162 163 164 167 168 169 199 201 203 219 220 221 222 223 224 225 227 236 237 238 239 240 241 242 245 246 247 268 269 270 271 272 273 274 276 285 286 287 288 290 299 300 301 302 303 304 305 306 307 308 311 312 313 333 334 335 336 337 338 339 340 341 342 345 346 347
12 97 66 226 132 289 166 111 48 275 244 310 344
48 257 131 260 261 142 143 145 148 149 277 280 291 165 294 176 177 50 179 53 182 183 309 320 65 321 323 326 327 76 77 79 82 83 343 354 99 228 355 102 231 357 360 361 113 243 116 254 255
24 258 141 146 278 281 292 295 175 51 180 54 319 324 75 80 353 100 229 358 103 232 114 117 253
12 101 104 78 144 81 178 115 52 147 118 55 181
36 262 263 264 265 266 150 151 152 153 154 283 297 56 185 186 187 188 184 328 329 330 331 332 84 85 86 87 88 105 234 362 363 364 365 366 119
36 136 137 138 139 140 284 170 171 172 173 174 298 57 314 315 316 317 318 70 71 72 73 74 348 349 350 351 248 352 106 235 120 249 250 251 252
12 256 322 259 356 293 230 325 296 233 359 279 282
10 1088 1089 1091 548 367 368 369 370 1269 1087
8 1090 1092 549 551 371 1268 373 1270
8 1093 550 1445 552 1267 372 374 1271
8 1273 1094 1095 553 555 375 1272 377
4 376 378 554 556
38 385 386 387 388 389 390 391 392 393 394 395 396 397 398 399 557 559 561 563 564 565 566 567 568 569 570 571 572 573 574 575 448 576 577 626 379 381 383
120 514 515 516 517 518 519 520 521 522 523 526 527 528 558 560 562 578 579 580 581 582 583 584 586 595 596 597 598 599 600 601 604 605 606 627 628 629 630 631 632 633 635 644 645 646 647 649 658 659 660 661 662 663 664 665 666 667 670 671 672 692 693 694 695 696 697 698 699 700 701 704 705 706 380 382 384 400 401 402 403 404 405 406 408 417 418 419 420 421 422 423 426 427 428 449 450 451 452 453 454 455 457 466 467 468 469 471 480 481 482 483 484 485 486 487 488 489 492 493 494
12 456 425 585 491 648 525 470 407 634 603 669 703
48 636 650 524 653 535 536 409 538 412 541 542 668 679 424 680 682 685 686 435 436 438 441 442 702 713 458 587 714 461 590 716 719 720 472 602 475 613 614 616 490 619 620 501 502 504 507 508 639
24 640 651 654 534 410 539 413 678 683 434 439 712 459 588 717 462 591 473 476 612 617 500 505 637
12 460 463 506 437 503 440 537 474 411 540 477 414
36 512 513 642 656 543 544 545 546 547 415 687 688 689 690 691 443 444 445 446 447 464 593 721 722 723 724 725 478 621 622 623 624 625 509 510 511
36 643 529 530 531 532 533 657 416 673 674 675 676 677 429 430 431 432 433 707 708 709 710 711 465 594 479 607 608 609 610 611 495 496 497 498 499
12 641 615 681 618 715 652 589 684 655 592 718 638
4 737 738 915 916
38 917 919 921 923 924 925 926 927 928 929 930 931 932 933 934 935 808 936 937 986 739 741 743 745 746 747 748 749 750 751 752 753 754 755 756 757 758 759
120 1024 1025 1026 1027 1030 1031 1032 1052 1053 1054 1055 1056 1057 1058 1059 1060 1061 1064 1065 1066 740 742 744 760 761 762 763 764 765 766 768 777 778 779 780 781 782 783 786 787 788 809 810 811 812 813 814 815 817 826 827 828 829 831 840 841 842 843 844 845 846 847 848 849 852 853 854 874 875 876 877 878 879 880 881 882 883 886 887 888 918 920 922 938 939 940 941 942 943 944 946 955 956 957 958 959 960 961 964 965 966 987 988 989 990 991 992 993 995 1004 1005 1006 1007 1009 1018 1019 1020 1021 1022 1023
12 994 963 1029 1063 816 785 945 851 1008 885 830 767
48 896 769 898 772 901 902 1028 1039 784 1040 1042 1045 1046 795 796 798 801 802 1062 1073 818 947 1074 821 950 1076 1079 1080 832 962 835 973 974 976 850 979 980 861 862 864 867 868 996 999 1010 884 1013 895
12 833 770 865 836 773 899 819 822 794 860 894 799
24 897 771 900 774 1041 1044 797 800 1075 820 949 1078 823 952 834 837 975 978 863 866 998 1001 1012 1015
36 775 903 904 905 906 907 1047 1048 1049 1050 1051 803 804 805 806 807 824 953 1081 1082 1083 1084 1085 838 981 982 983 984 985 869 870 871 872 873 1002 1016
36 776 1033 1034 1035 1036 1037 789 790 791 792 793 1067 1068 1069 1070 1071 825 954 839 967 968 969 970 971 855 856 857 858 859 1003 1017 889 890 891 892 893
12 997 1000 972 1038 1072 977 1011 948 1043 1014 951 1077
4 1096 1097 1274 1275
38 1280 1282 1283 1284 1285 1286 1287 1288 1289 1290 1291 1292 1293 1294 1167 1295 1296 1345 1098 1100 1102 1104 1105 1106 1107 1108 1109 1110 1111 1112 1113 1114 1115 1116 1117 1118 1276 1278
120 1099 1101 1103 1119 1120 1121 1122 1123 1124 1125 1127 1136 1137 1138 1139 1140 1141 1142 1145 1146 1147 1168 1169 1170 1171 1172 1173 1174 1176 1185 1186 1187 1188 1190 1199 1200 1201 1202 1203 1204 1205 1206 1207 1208 1211 1212 1213 1233 1234 1235 1236 1237 1238 1239 1240 1241 1242 1245 1246 1247 1277 1279 1281 1297 1298 1299 1300 1301 1302 1303 1305 1314 1315 1316 1317 1318 1319 1320 1323 1324 1325 1346 1347 1348 1349 1350 1351 1352 1354 1363 1364 1365 1366 1368 1377 1378 1379 1380 1381 1382 1383 1384 1385 1386 1389 1390 1391 1411 1412 1413 1414 1415 1416 1417 1418 1419 1420 1423 1424 1425
12 1304 1189 1126 1353 1322 1388 1422 1175 1144 1210 1244 1367
48 1154 1155 1157 1160 1161 1421 1432 1177 1306 1433 1180 1309 1435 1438 1439 1191 1321 1194 1332 1333 1335 1209 1338 1339 1220 1221 1223 1226 1227 1355 1358 1369 1243 1372 1254 1255 1128 1257 1131 1260 1261 1387 1398 1143 1401 1404 1405 1399
12 1153 1219 1253 1158 1192 1129 1224 1195 1132 1258 1178 1181
24 1156 1159 1434 1179 1308 1437 1182 1311 1193 1196 1334 1337 1222 1225 1357 1360 1371 1374 1256 1130 1259 1133 1400 1403
36 1408 1409 1410 1162 1163 1164 1165 1166 1183 1312 1440 1441 1442 1443 1444 1197 1340 1341 1342 1343 1344 1228 1229 1230 1231 1232 1361 1375 1134 1262 1263 1264 1265 1266 1406 1407
36 1152 1426 1427 1428 1429 1430 1184 1313 1198 1326 1327 1328 1329 1330 1214 1215 1216 1217 1218 1362 1248 1249 1250 1251 1252 1376 1135 1392 1393 1394 1395 1396 1148 1149 1150 1151
12 1356 1402 1359 1331 1397 1431 1336 1370 1307 1436 1373 1310
3 1448 1446 1447
2 2169 1449
2 1450 2170
10 1632 1451 1452 1453 1454 2353 2171 2172 2173 2175
8 2176 1633 1635 1455 2352 1457 2354 2174
8 2177 1634 2529 1636 2351 1456 1458 2355
8 2178 2179 1637 1639 1459 2356 1461 2357
4 1640 1638 1460 1462
38 1660 1710 1463 1465 1467 1469 1470 1471 1472 1473 1474 1475 1476 1477 1478 1479 1480 1481 1482 1483 1641 1643 1645 1647 1648 1649 1650 1651 1652 1653 1654 1655 1656 1657 1658 1659 1532 1661
120 1536 1537 1538 1539 1541 1550 1551 1552 1553 1555 1564 1565 1566 1567 1568 1569 1570 1571 1572 1573 1576 1577 1578 1598 1599 1600 1601 1602 1603 1604 1605 1606 1607 1610 1611 1612 1642 1644 1646 1662 1663 1664 1665 1666 1667 1668 1670 1679 1680 1681 1682 1683 1684 1685 1688 1689 1690 1711 1712 1713 1714 1715 1716 1717 1719 1728 1729 1730 1731 1733 1742 1743 1744 1745 1746 1747 1748 1749 1750 1751 1754 1755 1756 1776 1777 1778 1779 1780 1781 1782 1783 1784 1785 1788 1789 1790 1464 1466 1468 1484 1485 1486 1487 1488 1489 1490 1492 1501 1502 1503 1504 1505 1506 1507 1510 1511 1512 1533 1534 1535
12 1540 1509 1669 1575 1732 1609 1554 1491 1718 1687 1753 1787
48 1797 1542 1671 1798 1545 1674 1800 1803 1804 1556 1686 1559 1697 1698 1700 1574 1703 1704 1585 1586 1588 1591 1592 1720 1723 1734 1608 1737 1619 1620 1493 1622 1496 1625 1626 1752 1763 1508 1764 1766 1769 1770 1519 1520 1522 1525 1526 1786
24 1796 1543 1672 1801 1546 1675 1557 1560 1696 1701 1584 1589 1721 1724 1735 1738 1618 1494 1623 1497 1762 1767 1518 1523
12 1544 1547 1624 1521 1587 1524 1621 1558 1495 1590 1561 1498
36 1548 1677 1805 1806 1807 1808 1809 1562 1705 1706 1707 1708 1709 1593 1594 1595 1596 1597 1726 1740 1627 1628 1629 1499 1631 1630 1771 1772 1773 1774 1775 1527 1528 1529 1530 1531
36 1792 1793 1794 1795 1549 1678 1563 1691 1692 1693 1694 1695 1579 1580 1581 1582 1583 1727 1613 1614 1615 1616 1617 1741 1500 1757 1758 1759 1760 1761 1513 1514 1515 1516 1517 1791
12 1699 1765 1702 1799 1736 1673 1768 1739 1676 1802 1722 1725
10 2530 2531 2532 2534 1991 1810 1811 1812 1813 2712
8 2533 2535 1992 1994 1814 2711 1816 2713
8 2536 1993 2888 1995 2710 1815 1817 2714
8 2716 2537 2538 1996 1998 1818 2715 1820
4 1997 1819 1821 1999
38 2069 1822 1824 1826 1828 1829 1830 1831 1832 1833 1834 1835 1836 1837 1838 1839 1840 1841 1842 2000 2002 2004 2006 2007 2008 2009 2010 2011 2012 2013 2014 2015 2016 2017 2018 1891 2019 2020
120 2048 2049 2070 2071 2072 2073 2074 2075 2076 2078 2087 2088 2089 2090 2092 2101 2102 2103 2104 2105 2106 2107 2108 2109 2110 2113 2114 2115 2135 2136 2137 2138 2139 2140 2141 2142 2143 2144 2147 2148 2149 1823 1825 1827 1843 1844 1845 1846 1847 1848 1849 1851 1860 1861 1862 1863 1864 1865 1866 1869 1870 1871 1892 1893 1894 1895 1896 1897 1898 1900 1909 1910 1911 1912 1914 1923 1924 1925 1926 1927 1928 1929 1930 1931 1932 1935 1936 1937 1957 1958 1959 1960 1961 1962 1963 1964 1965 1966 1969 1970 1971 2001 2003 2005 2021 2022 2023 2024 2025 2026 2027 2029 2038 2039 2040 2041 2042 2043 2044 2047
12 2112 2146 1899 1868 2028 1934 2091 1968 1913 1850 2077 2046
48 2056 2057 2059 1933 2062 2063 1944 1945 1947 1950 1951 2079 2082 2093 1967 2096 1978 1979 1852 1981 1855 1984 1985 2111 2122 1867 2123 2125 2128 2129 1878 1879 1881 1884 1885 2145 2156 1901 2030 2157 1904 2033 2159 2162 2163 1915 2045 1918
24 2055 2060 1943 1948 2080 2083 2094 2097 1977 1853 1982 1856 2121 2126 1877 1882 2155 1902 2031 2160 1905 2034 1916 1919
12 1920 1857 1949 1903 1906 1880 1946 1883 1980 1917 1854 1983
36 1921 2064 2065 2066 2067 2068 2167 1952 1953 1954 1955 1956 2085 2099 1858 1986 1987 1988 1989 1990 2130 2131 2132 2133 2134 1886 1887 1888 1889 1890 1907 2036 2164 2165 2166 2168
36 1922 2050 2051 2052 2053 2054 1938 1939 1940 1941 1942 2086 1972 1973 1974 1975 1976 2100 1859 2116 2117 2118 2119 2120 1872 1873 1874 1875 1876 2150 2151 2152 2153 2154 1908 2037
12 2081 2084 2058 2124 2061 2158 2095 2032 2127 2098 2035 2161
4 2180 2181 2358 2359
38 2182 2184 2186 2188 2189 2190 2191 2192 2193 2194 2195 2196 2197 2198 2199 2200 2201 2202 2360 2362 2364 2366 2367 2368 2369 2370 2371 2372 2373 2374 2375 2376 2377 2378 2251 2379 2380 2429
120 2183 2185 2187 2203 2204 2205 2206 2207 2208 2209 2211 2220 2221 2222 2223 2224 2225 2226 2229 2230 2231 2252 2253 2254 2255 2256 2257 2258 2260 2269 2270 2271 2272 2274 2283 2284 2285 2286 2287 2288 2289 2290 2291 2292 2295 2296 2297 2317 2318 2319 2320 2321 2322 2323 2324 2325 2326 2329 2330 2331 2361 2363 2365 2381 2382 2383 2384 2385 2386 2387 2389 2398 2399 2400 2401 2402 2403 2404 2407 2408 2409 2430 2431 2432 2433 2434 2435 2436 2438 2447 2448 2449 2450 2452 2461 2462 2463 2464 2465 2466 2467 2468 2469 2470 2473 2474 2475 2495 2496 2497 2498 2499 2500 2501 2502 2503 2504 2507 2508 2509
12 2273 2210 2437 2406 2472 2506 2259 2228 2388 2294 2451 2328
48 2304 2305 2307 2310 2311 2439 2442 2453 2327 2456 2338 2339 2212 2341 2215 2344 2345 2471 2482 2227 2483 2485 2488 2489 2238 2239 2241 2244 2245 2505 2516 2261 2390 2517 2264 2393 2519 2522 2523 2275 2405 2278 2416 2417 2419 2293 2422 2423
12 2337 2242 2276 2213 2308 2279 2216 2342 2262 2265 2237 2303
24 2306 2309 2441 2444 2455 2458 2340 2214 2343 2217 2484 2487 2240 2243 2518 2263 2392 2521 2266 2395 2277 2280 2418 2421
36 2312 2313 2314 2315 2316 2445 2459 2218 2346 2347 2348 2349 2350 2490 2491 2492 2493 2494 2246 2247 2248 2249 2250 2267 2396 2524 2525 2526 2527 2528 2281 2424 2425 2426 2427 2428
36 2446 2332 2333 2334 2335 2336 2460 2219 2476 2477 2478 2479 2480 2232 2233 2234 2235 2236 2510 2511 2512 2513 2514 2268 2397 2282 2410 2411 2412 2413 2414 2298 2299 2300 2301 2302
12 2520 2440 2443 2415 2481 2515 2420 2454 2391 2486 2457 2394
4 2539 2540 2717 2718
38 2560 2561 2719 2721 2723 2725 2726 2727 2728 2729 2730 2731 2732 2733 2734 2735 2736 2737 2610 2738 2739 2788 2541 2543 2545 2547 2548 2549 2550 2551 2552 2553 2554 2555 2556 2557 2558 2559
120 2562 2563 2564 2565 2566 2567 2568 2570 2579 2580 2581 2582 2583 2584 2585 2588 2589 2590 2611 2612 2613 2614 2615 2616 2617 2619 2628 2629 2630 2631 2633 2642 2643 2644 2645 2646 2647 2648 2649 2650 2651 2654 2655 2656 2676 2677 2678 2679 2680 2681 2682 2683 2684 2685 2688 2689 2690 2720 2722 2724 2740 2741 2742 2743 2744 2745 2746 2748 2757 2758 2759 2760 2761 2762 2763 2766 2767 2768 2789 2790 2791 2792 2793 2794 2795 2797 2806 2807 2808 2809 2811 2820 2821 2822 2823 2824 2825 2826 2827 2828 2829 2832 2833 2834 2854 2855 2856 2857 2858 2859 2860 2861 2862 2863 2866 2867 2868 2542 2544 2546
12 2810 2632 2569 2796 2765 2831 2865 2747 2618 2587 2653 2687
48 2697 2698 2571 2700 2574 2703 2704 2830 2841 2586 2842 2844 2847 2848 2597 2598 2600 2603 2604 2864 2875 2620 2749 2876 2623 2752 2878 2881 2882 2634 2764 2637 2775 2776 2778 2652 2781 2782 2663 2664 2666 2669 2670 2798 2801 2812 2686 2815
12 2624 2596 2662 2696 2601 2635 2572 2667 2638 2575 2701 2621
24 2817 2699 2573 2702 2576 2843 2846 2599 2602 2877 2622 2751 2880 2625 2754 2636 2639 2777 2780 2665 2668 2800 2803 2814
36 2818 2577 2705 2706 2707 2708 2709 2849 2850 2851 2852 2853 2605 2606 2607 2608 2609 2626 2755 2883 2884 2885 2886 2887 2640 2783 2784 2785 2786 2787 2671 2672 2673 2674 2675 2804
36 2691 2692 2693 2694 2695 2819 2578 2835 2836 2837 2838 2839 2591 2592 2593 2594 2595 2869 2870 2871 2872 2873 2627 2756 2641 2769 2770 2771 2772 2773 2657 2658 2659 2660 2661 2805
12 2816 2753 2845 2799 2802 2774 2840 2874 2779 2813 2750 2879
1432
10
11
12
13
14
15
16
17
18
19
20
21
22
23
24
25
26
27
28
29
30
31
32
33
34
35
36
37
38
39
40
41
42
43
44
45
46
47
48
49
50
51
52
53
54
55
56
57
58
59
60
61
62
63
64
65
66
67
68
69
70
71
72
73
74
75
76
77
78
79
80
81
82
83
84
85
86
87
88
89
90
91
92
93
94
95
96
97
98
99
100
101
102
103
104
105
106
107
108
109
110
111
112
113
114
115
116
117
118
119
120
121
122
123
124
125
126
127
128
129
130
131
132
133
134
135
136
137
138
139
140
141
142
143
144
145
146
147
148
149
150
151
152
153
154
155
156
157
158
159
160
161
162
163
164
165
166
167
168
169
170
171
172
173
174
175
176
177
178
179
180
181
182
183
184
185
186
187
188
369
370
371
372
373
374
375
376
377
378
379
380
381
382
383
384
385
386
387
388
389
390
391
392
393
394
395
396
397
398
399
400
401
402
403
404
405
406
407
408
409
410
411
412
413
414
415
416
417
418
419
420
421
422
423
424
425
426
427
428
429
430
431
432
433
434
435
436
437
438
439
440
441
442
443
444
445
446
447
448
449
450
451
452
453
454
455
456
457
458
459
460
461
462
463
464
465
466
467
468
469
470
471
472
473
474
475
476
477
478
479
480
481
482
483
484
485
486
487
488
489
490
491
492
493
494
495
496
497
498
499
500
501
502
503
504
505
506
507
508
509
510
511
512
513
514
515
516
517
518
519
520
521
522
523
524
525
526
527
528
529
530
531
532
533
534
535
536
537
538
539
540
541
542
543
544
545
546
547
730
731
732
733
734
735
736
737
738
739
740
741
742
743
744
745
746
747
748
749
750
751
752
753
754
755
756
757
758
759
760
761
762
763
764
765
766
767
768
769
770
771
772
773
774
775
776
777
778
779
780
781
782
783
784
785
786
787
788
789
790
791
792
793
794
795
796
797
798
799
800
801
802
803
804
805
806
807
808
809
810
811
812
813
814
815
816
817
818
819
820
821
822
823
824
825
826
827
828
829
830
831
832
833
834
835
836
837
838
839
840
841
842
843
844
845
846
847
848
849
850
851
852
853
854
855
856
857
858
859
860
861
862
863
864
865
866
867
868
869
870
871
872
873
874
875
876
877
878
879
880
881
882
883
884
885
886
887
888
889
890
891
892
893
894
895
896
897
898
899
900
901
902
903
904
905
906
907
908
1089
1090
1091
1092
1093
1094
1095
1096
1097
1098
1099
1100
1101
1102
1103
1104
1105
1106
1107
1108
1109
1110
1111
1112
1113
1114
1115
1116
1117
1118
1119
1120
1121
1122
1123
1124
1125
1126
1127
1128
1129
1130
1131
1132
1133
1134
1135
1136
1137
1138
1139
1140
1141
1142
1143
1144
1145
1146
1147
1148
1149
1150
1151
1152
1153
1154
1155
1156
1157
1158
1159
1160
1161
1162
1163
1164
1165
1166
1167
1168
1169
1170
1171
1172
1173
1174
1175
1176
1177
1178
1179
1180
1181
1182
1183
1184
1185
1186
1187
1188
1189
1190
1191
1192
1193
1194
1195
1196
1197
1198
1199
1200
1201
1202
1203
1204
1205
1206
1207
1208
1209
1210
1211
1212
1213
1214
1215
1216
1217
1218
1219
1220
1221
1222
1223
1224
1225
1226
1227
1228
1229
1230
1231
1232
1233
1234
1235
1236
1237
1238
1239
1240
1241
1242
1243
1244
1245
1246
1247
1248
1249
1250
1251
1252
1253
1254
1255
1256
1257
1258
1259
1260
1261
1262
1263
1264
1265
1266
1267
1453
1454
1455
1456
1457
1458
1459
1460
1461
1462
1463
1464
1465
1466
1467
1468
1469
1470
1471
1472
1473
1474
1475
1476
1477
1478
1479
1480
1481
1482
1483
1484
1485
1486
1487
1488
1489
1490
1491
1492
1493
1494
1495
1496
1497
1498
1499
1500
1501
1502
1503
1504
1505
1506
1507
1508
1509
1510
1511
1512
1513
1514
1515
1516
1517
1518
1519
1520
1521
1522
1523
1524
1525
1526
1527
1528
1529
1530
1531
1532
1533
1534
1535
1536
1537
1538
1539
1540
1541
1542
1543
1544
1545
1546
1547
1548
1549
1550
1551
1552
1553
1554
1555
1556
1557
1558
1559
1560
1561
1562
1563
1564
1565
1566
1567
1568
1569
1570
1571
1572
1573
1574
1575
1576
1577
1578
1579
1580
1581
1582
1583
1584
1585
1586
1587
1588
1589
1590
1591
1592
1593
1594
1595
1596
1597
1598
1599
1600
1601
1602
1603
1604
1605
1606
1607
1608
1609
1610
1611
1612
1613
1614
1615
1616
1617
1618
1619
1620
1621
1622
1623
1624
1625
1626
1627
1628
1629
1630
1631
1812
1813
1814
1815
1816
1817
1818
1819
1820
1821
1822
1823
1824
1825
1826
1827
1828
1829
1830
1831
1832
1833
1834
1835
1836
1837
1838
1839
1840
1841
1842
1843
1844
1845
1846
1847
1848
1849
1850
1851
1852
1853
1854
1855
1856
1857
1858
1859
1860
1861
1862
1863
1864
1865
1866
1867
1868
1869
1870
1871
1872
1873
1874
1875
1876
1877
1878
1879
1880
1881
1882
1883
1884
1885
1886
1887
1888
1889
1890
1891
1892
1893
1894
1895
1896
1897
1898
1899
1900
1901
1902
1903
1904
1905
1906
1907
1908
1909
1910
1911
1912
1913
1914
1915
1916
1917
1918
1919
1920
1921
1922
1923
1924
1925
1926
1927
1928
1929
1930
1931
1932
1933
1934
1935
1936
1937
1938
1939
1940
1941
1942
1943
1944
1945
1946
1947
1948
1949
1950
1951
1952
1953
1954
1955
1956
1957
1958
1959
1960
1961
1962
1963
1964
1965
1966
1967
1968
1969
1970
1971
1972
1973
1974
1975
1976
1977
1978
1979
1980
1981
1982
1983
1984
1985
1986
1987
1988
1989
1990
2173
2174
2175
2176
2177
2178
2179
2180
2181
2182
2183
2184
2185
2186
2187
2188
2189
2190
2191
2192
2193
2194
2195
2196
2197
2198
2199
2200
2201
2202
2203
2204
2205
2206
2207
2208
2209
2210
2211
2212
2213
2214
2215
2216
2217
2218
2219
2220
2221
2222
2223
2224
2225
2226
2227
2228
2229
2230
2231
2232
2233
2234
2235
2236
2237
2238
2239
2240
2241
2242
2243
2244
2245
2246
2247
2248
2249
2250
2251
2252
2253
2254
2255
2256
2257
2258
2259
2260
2261
2262
2263
2264
2265
2266
2267
2268
2269
2270
2271
2272
2273
2274
2275
2276
2277
2278
2279
2280
2281
2282
2283
2284
2285
2286
2287
2288
2289
2290
2291
2292
2293
2294
2295
2296
2297
2298
2299
2300
2301
2302
2303
2304
2305
2306
2307
2308
2309
2310
2311
2312
2313
2314
2315
2316
2317
2318
2319
2320
2321
2322
2323
2324
2325
2326
2327
2328
2329
2330
2331
2332
2333
2334
2335
2336
2337
2338
2339
2340
2341
2342
2343
2344
2345
2346
2347
2348
2349
2350
2351
2532
2533
2534
2535
2536
2537
2538
2539
2540
2541
2542
2543
2544
2545
2546
2547
2548
2549
2550
2551
2552
2553
2554
2555
2556
2557
2558
2559
2560
2561
2562
2563
2564
2565
2566
2567
2568
2569
2570
2571
2572
2573
2574
2575
2576
2577
2578
2579
2580
2581
2582
2583
2584
2585
2586
2587
2588
2589
2590
2591
2592
2593
2594
2595
2596
2597
2598
2599
2600
2601
2602
2603
2604
2605
2606
2607
2608
2609
2610
2611
2612
2613
2614
2615
2616
2617
2618
2619
2620
2621
2622
2623
2624
2625
2626
2627
2628
2629
2630
2631
2632
2633
2634
2635
2636
2637
2638
2639
2640
2641
2642
2643
2644
2645
2646
2647
2648
2649
2650
2651
2652
2653
2654
2655
2656
2657
2658
2659
2660
2661
2662
2663
2664
2665
2666
2667
2668
2669
2670
2671
2672
2673
2674
2675
2676
2677
2678
2679
2680
2681
2682
2683
2684
2685
2686
2687
2688
2689
2690
2691
2692
2693
2694
2695
2696
2697
2698
2699
2700
2701
2702
2703
2704
2705
2706
2707
2708
2709
2710
0
