583
1
694
0 1 1
0 2 2
1 3 3
2 4 3
3 5 0
3 6 4
3 7 4
4 8 0
4 9 4
4 10 4
5 11 4
5 12 4
6 11 0
7 12 0
8 13 4
8 14 4
9 13 0
10 14 0
11 15 5
12 16 5
13 17 5
14 18 5
15 19 6
16 20 6
17 21 6
18 22 6
19 23 7
20 24 7
21 25 7
22 26 7
23 27 8
23 28 9
23 29 10
24 30 8
24 31 9
24 32 10
25 33 8
25 34 9
25 35 10
26 36 8
26 37 9
26 38 10
27 39 11
28 40 6
29 41 6
30 42 11
31 43 6
32 44 6
33 45 11
34 46 6
35 47 6
36 48 11
37 49 6
38 50 6
39 51 12
40 52 7
41 53 7
42 54 12
43 55 7
44 56 7
45 57 12
46 52 7
47 53 7
48 58 12
49 55 7
50 56 7
51 59 13
51 60 14
51 61 0
52 62 8
52 63 15
52 64 16
53 65 8
53 66 15
53 67 16
54 68 13
54 69 14
54 70 0
55 71 8
55 72 15
55 73 16
56 74 8
56 75 15
56 76 16
57 77 13
57 78 14
57 79 0
58 80 13
58 81 14
58 82 0
59 83 0
60 84 0
61 85 0
61 86 0
62 87 11
63 88 6
64 89 6
65 90 11
66 91 6
67 92 6
68 93 0
69 94 0
70 95 0
70 96 0
71 97 11
72 98 6
73 99 6
74 100 11
75 101 6
76 102 6
77 103 0
78 104 0
79 105 0
79 106 0
80 107 0
81 108 0
82 109 0
82 110 0
83 111 0
83 112 0
84 113 0
84 114 0
85 85 0
85 86 0
86 115 0
87 116 12
88 117 7
89 118 7
90 119 12
91 117 7
92 118 7
93 120 0
93 121 0
94 122 0
94 123 0
95 95 0
95 96 0
96 124 0
97 125 12
98 126 7
99 127 7
100 128 12
101 126 7
102 127 7
103 129 0
103 130 0
104 131 0
104 132 0
105 105 0
105 106 0
106 133 0
107 134 0
107 135 0
108 136 0
108 137 0
109 109 0
109 110 0
110 138 0
111 111 0
111 112 0
112 139 17
112 140 18
112 141 0
113 113 0
113 114 0
114 142 17
114 143 18
114 144 0
116 145 13
116 146 14
116 147 0
117 148 8
117 149 19
117 150 20
118 151 8
118 152 19
118 153 20
119 154 13
119 155 14
119 156 0
120 120 0
120 121 0
121 157 17
121 158 18
121 159 0
122 122 0
122 123 0
123 160 17
123 161 18
123 162 0
125 163 13
125 164 14
125 165 0
126 166 8
126 167 19
126 168 20
127 169 8
127 170 19
127 171 20
128 172 13
128 173 14
128 174 0
129 129 0
129 130 0
130 175 17
130 176 18
130 177 0
131 131 0
131 132 0
132 178 17
132 179 18
132 180 0
134 134 0
134 135 0
135 181 17
135 182 18
135 183 0
136 136 0
136 137 0
137 184 17
137 185 18
137 186 0
139 187 0
140 188 21
140 189 0
142 190 0
143 191 21
143 192 0
145 193 0
146 194 0
147 195 0
147 196 0
148 197 11
149 198 6
150 199 6
151 200 11
152 201 6
153 202 6
154 203 0
155 204 0
156 205 0
156 206 0
157 207 0
158 208 21
158 209 0
160 210 0
161 211 21
161 212 0
163 213 0
164 214 0
165 215 0
165 216 0
166 217 11
167 218 6
168 219 6
169 220 11
170 221 6
171 222 6
172 223 0
173 224 0
174 225 0
174 226 0
175 227 0
176 228 21
176 229 0
178 230 0
179 231 21
179 232 0
181 233 0
182 234 21
182 235 0
184 236 0
185 237 21
185 238 0
188 239 0
189 240 21
191 241 0
192 242 21
193 243 0
193 244 0
194 245 0
194 246 0
195 195 0
195 196 0
196 247 0
197 248 12
198 249 7
199 250 7
200 251 12
201 249 7
202 250 7
203 252 0
203 253 0
204 254 0
204 255 0
205 205 0
205 206 0
206 256 0
208 257 0
209 258 21
211 259 0
212 260 21
213 261 0
213 262 0
214 263 0
214 264 0
215 215 0
215 216 0
216 265 0
217 266 12
218 267 7
219 268 7
220 269 12
221 267 7
222 268 7
223 270 0
223 271 0
224 272 0
224 273 0
225 225 0
225 226 0
226 274 0
228 275 0
229 276 21
231 277 0
232 278 21
234 279 0
235 280 21
237 281 0
238 282 21
243 243 0
243 244 0
244 283 17
244 284 18
244 285 0
245 245 0
245 246 0
246 286 17
246 287 18
246 288 0
248 289 13
248 290 14
248 291 0
249 292 8
250 293 8
251 294 13
251 295 14
251 296 0
252 252 0
252 253 0
253 297 17
253 298 18
253 299 0
254 254 0
254 255 0
255 300 17
255 301 18
255 302 0
261 261 0
261 262 0
262 303 17
262 304 18
262 305 0
263 263 0
263 264 0
264 306 17
264 307 18
264 308 0
266 309 13
266 310 14
266 311 0
267 312 8
268 313 8
269 314 13
269 315 14
269 316 0
270 270 0
270 271 0
271 317 17
271 318 18
271 319 0
272 272 0
272 273 0
273 320 17
273 321 18
273 322 0
283 323 0
284 324 21
284 325 0
286 326 0
287 327 21
287 328 0
289 329 0
290 330 0
291 331 0
291 332 0
292 333 11
293 334 11
294 335 0
295 336 0
296 337 0
296 338 0
297 339 0
298 340 21
298 341 0
300 342 0
301 343 21
301 344 0
303 345 0
304 346 21
304 347 0
306 348 0
307 349 21
307 350 0
309 351 0
310 352 0
311 353 0
311 354 0
312 355 11
313 356 11
314 357 0
315 358 0
316 359 0
316 360 0
317 361 0
318 362 21
318 363 0
320 364 0
321 365 21
321 366 0
324 367 0
325 368 21
327 369 0
328 370 21
329 371 0
329 372 0
330 373 0
330 374 0
331 331 0
331 332 0
332 375 0
333 376 12
334 377 12
335 378 0
335 379 0
336 380 0
336 381 0
337 337 0
337 338 0
338 382 0
340 383 0
341 384 21
343 385 0
344 386 21
346 387 0
347 388 21
349 389 0
350 390 21
351 391 0
351 392 0
352 393 0
352 394 0
353 353 0
353 354 0
354 395 0
355 396 12
356 397 12
357 398 0
357 399 0
358 400 0
358 401 0
359 359 0
359 360 0
360 402 0
362 403 0
363 404 21
365 405 0
366 406 21
371 371 0
371 372 0
372 407 17
372 408 18
372 409 0
373 373 0
373 374 0
374 410 17
374 411 18
374 412 0
376 413 13
376 414 14
376 415 0
377 416 13
377 417 14
377 418 0
378 378 0
378 379 0
379 419 17
379 420 18
379 421 0
380 380 0
380 381 0
381 422 17
381 423 18
381 424 0
391 391 0
391 392 0
392 425 17
392 426 18
392 427 0
393 393 0
393 394 0
394 428 17
394 429 18
394 430 0
396 431 13
396 432 14
396 433 0
397 434 13
397 435 14
397 436 0
398 398 0
398 399 0
399 437 17
399 438 18
399 439 0
400 400 0
400 401 0
401 440 17
401 441 18
401 442 0
407 443 0
408 444 21
408 445 0
410 446 0
411 447 21
411 448 0
413 449 0
414 450 0
415 451 0
415 452 0
416 453 0
417 454 0
418 455 0
418 456 0
419 457 0
420 458 21
420 459 0
422 460 0
423 461 21
423 462 0
425 463 0
426 464 21
426 465 0
428 466 0
429 467 21
429 468 0
431 469 0
432 470 0
433 471 0
433 472 0
434 473 0
435 474 0
436 475 0
436 476 0
437 477 0
438 478 21
438 479 0
440 480 0
441 481 21
441 482 0
444 483 0
445 484 21
447 485 0
448 486 21
449 487 0
449 488 0
450 489 0
450 490 0
451 451 0
451 452 0
452 491 0
453 492 0
453 493 0
454 494 0
454 495 0
455 455 0
455 456 0
456 496 0
458 497 0
459 498 21
461 499 0
462 500 21
464 501 0
465 502 21
467 503 0
468 504 21
469 505 0
469 506 0
470 507 0
470 508 0
471 471 0
471 472 0
472 509 0
473 510 0
473 511 0
474 512 0
474 513 0
475 475 0
475 476 0
476 514 0
478 515 0
479 516 21
481 517 0
482 518 21
487 487 0
487 488 0
488 519 17
488 520 18
488 521 0
489 489 0
489 490 0
490 522 17
490 523 18
490 524 0
492 492 0
492 493 0
493 525 17
493 526 18
493 527 0
494 494 0
494 495 0
495 528 17
495 529 18
495 530 0
505 505 0
505 506 0
506 531 17
506 532 18
506 533 0
507 507 0
507 508 0
508 534 17
508 535 18
508 536 0
510 510 0
510 511 0
511 537 17
511 538 18
511 539 0
512 512 0
512 513 0
513 540 17
513 541 18
513 542 0
519 543 0
520 544 21
520 545 0
522 546 0
523 547 21
523 548 0
525 549 0
526 550 21
526 551 0
528 552 0
529 553 21
529 554 0
531 555 0
532 556 21
532 557 0
534 558 0
535 559 21
535 560 0
537 561 0
538 562 21
538 563 0
540 564 0
541 565 21
541 566 0
544 567 0
545 568 21
547 569 0
548 570 21
550 571 0
551 572 21
553 573 0
554 574 21
556 575 0
557 576 21
559 577 0
560 578 21
562 579 0
563 580 21
565 581 0
566 582 21
303
1 0
1 1
1 2
1 3
1 4
1 5
1 6
1 7
1 8
1 9
1 10
1 11
1 12
1 13
1 14
1 15
1 16
1 17
1 18
1 19
1 20
1 21
1 22
1 23
1 24
1 25
1 26
1 27
2 34 28
2 35 29
1 30
2 37 31
2 32 38
1 33
1 36
1 39
2 40 46
2 41 47
1 42
2 49 43
2 50 44
1 45
1 48
1 51
1 52
1 53
1 54
1 55
1 56
1 57
1 58
6 111 113 83 84 59 60
3 85 61 86
1 62
2 66 63
2 64 67
1 65
6 68 69 120 122 93 94
3 96 70 95
1 71
2 72 75
2 73 76
1 74
6 129 131 103 104 77 78
3 105 106 79
6 134 136 107 108 80 81
3 82 109 110
1 87
2 88 91
2 89 92
1 90
1 97
2 98 101
2 99 102
1 100
2 112 114
1 115
1 116
1 117
1 118
1 119
2 121 123
1 124
1 125
1 126
1 127
1 128
2 130 132
1 133
2 137 135
1 138
2 139 142
2 140 143
2 144 141
6 193 194 145 146 243 245
3 147 196 195
1 148
2 152 149
2 153 150
1 151
6 203 204 154 155 252 254
3 156 205 206
2 160 157
2 161 158
2 162 159
6 163 164 261 263 213 214
3 216 165 215
1 166
2 170 167
2 168 171
1 169
6 224 172 173 270 272 223
3 225 226 174
2 178 175
2 176 179
2 177 180
2 184 181
2 185 182
2 186 183
2 187 190
2 188 191
2 192 189
1 197
2 201 198
2 202 199
1 200
2 210 207
2 208 211
2 209 212
1 217
2 218 221
2 219 222
1 220
2 227 230
2 228 231
2 232 229
2 233 236
2 234 237
2 235 238
2 241 239
2 240 242
2 244 246
1 247
1 248
1 249
1 250
1 251
2 253 255
1 256
2 257 259
2 258 260
2 264 262
1 265
1 266
1 267
1 268
1 269
2 273 271
1 274
2 275 277
2 276 278
2 281 279
2 280 282
2 283 286
2 284 287
2 288 285
6 289 290 329 330 371 373
3 331 291 332
1 292
1 293
6 294 295 335 336 378 380
3 296 337 338
2 297 300
2 298 301
2 299 302
2 306 303
2 304 307
2 305 308
6 352 391 393 309 310 351
3 353 354 311
1 312
1 313
6 357 358 398 400 314 315
3 360 316 359
2 320 317
2 321 318
2 322 319
2 323 326
2 324 327
2 328 325
1 333
1 334
2 339 342
2 340 343
2 344 341
2 345 348
2 346 349
2 347 350
1 355
1 356
2 361 364
2 362 365
2 363 366
2 369 367
2 368 370
2 372 374
1 375
1 376
1 377
2 379 381
1 382
2 385 383
2 384 386
2 387 389
2 388 390
2 392 394
1 395
1 396
1 397
2 401 399
1 402
2 403 405
2 404 406
2 410 407
2 408 411
2 409 412
6 449 450 487 489 413 414
3 451 452 415
6 416 417 453 454 492 494
3 456 418 455
2 419 422
2 420 423
2 424 421
2 425 428
2 426 429
2 427 430
6 431 432 469 470 505 507
3 472 433 471
6 512 434 435 473 474 510
3 476 475 436
2 440 437
2 441 438
2 442 439
2 443 446
2 444 447
2 448 445
2 457 460
2 458 461
2 459 462
2 466 463
2 464 467
2 465 468
2 480 477
2 481 478
2 482 479
2 483 485
2 484 486
2 488 490
1 491
2 493 495
1 496
2 497 499
2 498 500
2 501 503
2 504 502
2 506 508
1 509
2 513 511
1 514
2 515 517
2 516 518
2 522 519
2 520 523
2 521 524
2 528 525
2 529 526
2 530 527
2 531 534
2 532 535
2 536 533
2 537 540
2 538 541
2 539 542
2 546 543
2 544 547
2 545 548
2 552 549
2 553 550
2 554 551
2 555 558
2 556 559
2 560 557
2 561 564
2 562 565
2 563 566
2 569 567
2 568 570
2 571 573
2 572 574
2 577 575
2 576 578
2 579 581
2 580 582
32
139
142
157
160
175
178
181
184
283
286
297
300
303
306
317
320
407
410
419
422
425
428
437
440
519
522
525
528
531
534
537
540
0
