2877
1
5904
0 1 0
0 2 0
0 3 1
0 4 1
1 5 1
1 6 1
2 7 1
2 8 1
3 5 0
3 7 0
4 6 0
4 8 0
5 9 2
6 10 2
7 11 2
8 12 2
9 13 0
9 14 0
9 15 3
9 16 4
10 17 0
10 18 0
10 19 3
10 20 4
11 21 0
11 22 0
11 23 3
11 24 4
12 25 0
12 26 0
12 27 3
12 28 4
13 29 0
13 30 3
13 31 4
14 32 0
14 33 3
14 34 4
15 35 5
15 30 0
15 33 0
16 36 5
16 31 0
16 34 0
17 37 0
17 38 3
17 39 4
18 40 0
18 41 3
18 42 4
19 43 5
19 38 0
19 41 0
20 44 5
20 39 0
20 42 0
21 45 0
21 46 3
21 47 4
22 48 0
22 49 3
22 50 4
23 51 5
23 46 0
23 49 0
24 52 5
24 47 0
24 50 0
25 53 0
25 54 3
25 55 4
26 56 0
26 57 3
26 58 4
27 59 5
27 54 0
27 57 0
28 60 5
28 55 0
28 58 0
29 61 3
29 62 4
30 61 0
30 63 5
31 62 0
31 64 5
32 65 3
32 66 4
33 65 0
33 67 5
34 66 0
34 68 5
35 63 0
35 67 0
36 64 0
36 68 0
37 69 3
37 70 4
38 69 0
38 71 5
39 70 0
39 72 5
40 73 3
40 74 4
41 73 0
41 75 5
42 74 0
42 76 5
43 71 0
43 75 0
44 72 0
44 76 0
45 77 3
45 78 4
46 77 0
46 79 5
47 78 0
47 80 5
48 81 3
48 82 4
49 81 0
49 83 5
50 82 0
50 84 5
51 79 0
51 83 0
52 80 0
52 84 0
53 85 3
53 86 4
54 85 0
54 87 5
55 86 0
55 88 5
56 89 3
56 90 4
57 89 0
57 91 5
58 90 0
58 92 5
59 87 0
59 91 0
60 88 0
60 92 0
61 93 5
62 94 5
63 93 0
64 94 0
65 95 5
66 96 5
67 95 0
68 96 0
69 97 5
70 98 5
71 97 0
72 98 0
73 99 5
74 100 5
75 99 0
76 100 0
77 101 5
78 102 5
79 101 0
80 102 0
81 103 5
82 104 5
83 103 0
84 104 0
85 105 5
86 106 5
87 105 0
88 106 0
89 107 5
90 108 5
91 107 0
92 108 0
93 109 6
94 110 6
95 111 6
96 112 6
97 113 6
98 114 6
99 115 6
100 116 6
101 117 6
102 118 6
103 119 6
104 120 6
105 121 6
106 122 6
107 123 6
108 124 6
109 125 0
109 126 7
110 127 0
110 128 7
111 129 0
111 130 7
112 131 0
112 132 7
113 133 0
113 134 7
114 135 0
114 136 7
115 137 0
115 138 7
116 139 0
116 140 7
117 141 0
117 142 7
118 143 0
118 144 7
119 145 0
119 146 7
120 147 0
120 148 7
121 149 0
121 150 7
122 151 0
122 152 7
123 153 0
123 154 7
124 155 0
124 156 7
125 157 7
126 157 0
127 158 7
128 158 0
129 159 7
130 159 0
131 160 7
132 160 0
133 161 7
134 161 0
135 162 7
136 162 0
137 163 7
138 163 0
139 164 7
140 164 0
141 165 7
142 165 0
143 166 7
144 166 0
145 167 7
146 167 0
147 168 7
148 168 0
149 169 7
150 169 0
151 170 7
152 170 0
153 171 7
154 171 0
155 172 7
156 172 0
157 173 8
158 174 8
159 175 8
160 176 8
161 177 8
162 178 8
163 179 8
164 180 8
165 181 8
166 182 8
167 183 8
168 184 8
169 185 8
170 186 8
171 187 8
172 188 8
173 189 0
173 190 0
173 191 9
173 192 10
173 193 11
173 194 0
174 195 0
174 196 0
174 197 9
174 198 10
174 199 11
174 200 0
175 201 0
175 202 0
175 203 9
175 204 10
175 205 11
175 206 0
176 207 0
176 208 0
176 209 9
176 210 10
176 211 11
176 212 0
177 213 0
177 214 0
177 215 9
177 216 10
177 217 11
177 218 0
178 219 0
178 220 0
178 221 9
178 222 10
178 223 11
178 224 0
179 225 0
179 226 0
179 227 9
179 228 10
179 229 11
179 230 0
180 231 0
180 232 0
180 233 9
180 234 10
180 235 11
180 236 0
181 237 0
181 238 0
181 239 9
181 240 10
181 241 11
181 242 0
182 243 0
182 244 0
182 245 9
182 246 10
182 247 11
182 248 0
183 249 0
183 250 0
183 251 9
183 252 10
183 253 11
183 254 0
184 255 0
184 256 0
184 257 9
184 258 10
184 259 11
184 260 0
185 261 0
185 262 0
185 263 9
185 264 10
185 265 11
185 266 0
186 267 0
186 268 0
186 269 9
186 270 10
186 271 11
186 272 0
187 273 0
187 274 0
187 275 9
187 276 10
187 277 11
187 278 0
188 279 0
188 280 0
188 281 9
188 282 10
188 283 11
188 284 0
189 285 9
189 286 10
189 287 11
189 288 0
190 285 9
190 286 10
190 287 11
190 288 0
191 289 0
191 290 0
191 291 0
192 292 0
192 293 0
192 294 0
193 295 0
193 296 0
193 297 0
194 298 0
194 299 0
194 300 0
194 301 0
194 302 0
195 303 9
195 304 10
195 305 11
195 306 0
196 303 9
196 304 10
196 305 11
196 306 0
197 307 0
197 308 0
197 309 0
198 310 0
198 311 0
198 312 0
199 313 0
199 314 0
199 315 0
200 316 0
200 317 0
200 318 0
200 319 0
200 320 0
201 321 9
201 322 10
201 323 11
201 324 0
202 321 9
202 322 10
202 323 11
202 324 0
203 325 0
203 326 0
203 327 0
204 328 0
204 329 0
204 330 0
205 331 0
205 332 0
205 333 0
206 334 0
206 335 0
206 336 0
206 337 0
206 338 0
207 339 9
207 340 10
207 341 11
207 342 0
208 339 9
208 340 10
208 341 11
208 342 0
209 343 0
209 344 0
209 345 0
210 346 0
210 347 0
210 348 0
211 349 0
211 350 0
211 351 0
212 352 0
212 353 0
212 354 0
212 355 0
212 356 0
213 357 9
213 358 10
213 359 11
213 360 0
214 357 9
214 358 10
214 359 11
214 360 0
215 361 0
215 362 0
215 363 0
216 364 0
216 365 0
216 366 0
217 367 0
217 368 0
217 369 0
218 370 0
218 371 0
218 372 0
218 373 0
218 374 0
219 375 9
219 376 10
219 377 11
219 378 0
220 375 9
220 376 10
220 377 11
220 378 0
221 379 0
221 380 0
221 381 0
222 382 0
222 383 0
222 384 0
223 385 0
223 386 0
223 387 0
224 388 0
224 389 0
224 390 0
224 391 0
224 392 0
225 393 9
225 394 10
225 395 11
225 396 0
226 393 9
226 394 10
226 395 11
226 396 0
227 397 0
227 398 0
227 399 0
228 400 0
228 401 0
228 402 0
229 403 0
229 404 0
229 405 0
230 406 0
230 407 0
230 408 0
230 409 0
230 410 0
231 411 9
231 412 10
231 413 11
231 414 0
232 411 9
232 412 10
232 413 11
232 414 0
233 415 0
233 416 0
233 417 0
234 418 0
234 419 0
234 420 0
235 421 0
235 422 0
235 423 0
236 424 0
236 425 0
236 426 0
236 427 0
236 428 0
237 429 9
237 430 10
237 431 11
237 432 0
238 429 9
238 430 10
238 431 11
238 432 0
239 433 0
239 434 0
239 435 0
240 436 0
240 437 0
240 438 0
241 439 0
241 440 0
241 441 0
242 442 0
242 443 0
242 444 0
242 445 0
242 446 0
243 447 9
243 448 10
243 449 11
243 450 0
244 447 9
244 448 10
244 449 11
244 450 0
245 451 0
245 452 0
245 453 0
246 454 0
246 455 0
246 456 0
247 457 0
247 458 0
247 459 0
248 460 0
248 461 0
248 462 0
248 463 0
248 464 0
249 465 9
249 466 10
249 467 11
249 468 0
250 465 9
250 466 10
250 467 11
250 468 0
251 469 0
251 470 0
251 471 0
252 472 0
252 473 0
252 474 0
253 475 0
253 476 0
253 477 0
254 478 0
254 479 0
254 480 0
254 481 0
254 482 0
255 483 9
255 484 10
255 485 11
255 486 0
256 483 9
256 484 10
256 485 11
256 486 0
257 487 0
257 488 0
257 489 0
258 490 0
258 491 0
258 492 0
259 493 0
259 494 0
259 495 0
260 496 0
260 497 0
260 498 0
260 499 0
260 500 0
261 501 9
261 502 10
261 503 11
261 504 0
262 501 9
262 502 10
262 503 11
262 504 0
263 505 0
263 506 0
263 507 0
264 508 0
264 509 0
264 510 0
265 511 0
265 512 0
265 513 0
266 514 0
266 515 0
266 516 0
266 517 0
266 518 0
267 519 9
267 520 10
267 521 11
267 522 0
268 519 9
268 520 10
268 521 11
268 522 0
269 523 0
269 524 0
269 525 0
270 526 0
270 527 0
270 528 0
271 529 0
271 530 0
271 531 0
272 532 0
272 533 0
272 534 0
272 535 0
272 536 0
273 537 9
273 538 10
273 539 11
273 540 0
274 537 9
274 538 10
274 539 11
274 540 0
275 541 0
275 542 0
275 543 0
276 544 0
276 545 0
276 546 0
277 547 0
277 548 0
277 549 0
278 550 0
278 551 0
278 552 0
278 553 0
278 554 0
279 555 9
279 556 10
279 557 11
279 558 0
280 555 9
280 556 10
280 557 11
280 558 0
281 559 0
281 560 0
281 561 0
282 562 0
282 563 0
282 564 0
283 565 0
283 566 0
283 567 0
284 568 0
284 569 0
284 570 0
284 571 0
284 572 0
285 573 0
286 574 0
287 575 0
288 576 0
288 577 0
288 578 0
289 573 0
290 573 0
291 579 0
291 580 0
291 581 0
291 582 0
291 583 0
292 574 0
293 574 0
294 584 0
294 585 0
294 586 0
294 587 0
294 588 0
295 575 0
296 575 0
297 589 0
297 590 0
297 591 0
297 592 0
297 593 0
298 576 0
298 577 0
298 578 0
299 298 0
299 299 0
299 300 0
299 301 0
299 302 0
300 576 0
300 577 0
300 578 0
301 298 0
301 299 0
301 300 0
301 301 0
301 302 0
302 594 0
302 595 0
302 596 0
303 597 0
304 598 0
305 599 0
306 600 0
306 601 0
306 602 0
307 597 0
308 597 0
309 603 0
309 604 0
309 605 0
309 606 0
309 607 0
310 598 0
311 598 0
312 608 0
312 609 0
312 610 0
312 611 0
312 612 0
313 599 0
314 599 0
315 613 0
315 614 0
315 615 0
315 616 0
315 617 0
316 600 0
316 601 0
316 602 0
317 316 0
317 317 0
317 318 0
317 319 0
317 320 0
318 600 0
318 601 0
318 602 0
319 316 0
319 317 0
319 318 0
319 319 0
319 320 0
320 618 0
320 619 0
320 620 0
321 621 0
322 622 0
323 623 0
324 624 0
324 625 0
324 626 0
325 621 0
326 621 0
327 627 0
327 628 0
327 629 0
327 630 0
327 631 0
328 622 0
329 622 0
330 632 0
330 633 0
330 634 0
330 635 0
330 636 0
331 623 0
332 623 0
333 637 0
333 638 0
333 639 0
333 640 0
333 641 0
334 624 0
334 625 0
334 626 0
335 334 0
335 335 0
335 336 0
335 337 0
335 338 0
336 624 0
336 625 0
336 626 0
337 334 0
337 335 0
337 336 0
337 337 0
337 338 0
338 642 0
338 643 0
338 644 0
339 645 0
340 646 0
341 647 0
342 648 0
342 649 0
342 650 0
343 645 0
344 645 0
345 651 0
345 652 0
345 653 0
345 654 0
345 655 0
346 646 0
347 646 0
348 656 0
348 657 0
348 658 0
348 659 0
348 660 0
349 647 0
350 647 0
351 661 0
351 662 0
351 663 0
351 664 0
351 665 0
352 648 0
352 649 0
352 650 0
353 352 0
353 353 0
353 354 0
353 355 0
353 356 0
354 648 0
354 649 0
354 650 0
355 352 0
355 353 0
355 354 0
355 355 0
355 356 0
356 666 0
356 667 0
356 668 0
357 669 0
358 670 0
359 671 0
360 672 0
360 673 0
360 674 0
361 669 0
362 669 0
363 675 0
363 676 0
363 677 0
363 678 0
363 679 0
364 670 0
365 670 0
366 680 0
366 681 0
366 682 0
366 683 0
366 684 0
367 671 0
368 671 0
369 685 0
369 686 0
369 687 0
369 688 0
369 689 0
370 672 0
370 673 0
370 674 0
371 370 0
371 371 0
371 372 0
371 373 0
371 374 0
372 672 0
372 673 0
372 674 0
373 370 0
373 371 0
373 372 0
373 373 0
373 374 0
374 690 0
374 691 0
374 692 0
375 693 0
376 694 0
377 695 0
378 696 0
378 697 0
378 698 0
379 693 0
380 693 0
381 699 0
381 700 0
381 701 0
381 702 0
381 703 0
382 694 0
383 694 0
384 704 0
384 705 0
384 706 0
384 707 0
384 708 0
385 695 0
386 695 0
387 709 0
387 710 0
387 711 0
387 712 0
387 713 0
388 696 0
388 697 0
388 698 0
389 388 0
389 389 0
389 390 0
389 391 0
389 392 0
390 696 0
390 697 0
390 698 0
391 388 0
391 389 0
391 390 0
391 391 0
391 392 0
392 714 0
392 715 0
392 716 0
393 717 0
394 718 0
395 719 0
396 720 0
396 721 0
396 722 0
397 717 0
398 717 0
399 723 0
399 724 0
399 725 0
399 726 0
399 727 0
400 718 0
401 718 0
402 728 0
402 729 0
402 730 0
402 731 0
402 732 0
403 719 0
404 719 0
405 733 0
405 734 0
405 735 0
405 736 0
405 737 0
406 720 0
406 721 0
406 722 0
407 406 0
407 407 0
407 408 0
407 409 0
407 410 0
408 720 0
408 721 0
408 722 0
409 406 0
409 407 0
409 408 0
409 409 0
409 410 0
410 738 0
410 739 0
410 740 0
411 741 0
412 742 0
413 743 0
414 744 0
414 745 0
414 746 0
415 741 0
416 741 0
417 747 0
417 748 0
417 749 0
417 750 0
417 751 0
418 742 0
419 742 0
420 752 0
420 753 0
420 754 0
420 755 0
420 756 0
421 743 0
422 743 0
423 757 0
423 758 0
423 759 0
423 760 0
423 761 0
424 744 0
424 745 0
424 746 0
425 424 0
425 425 0
425 426 0
425 427 0
425 428 0
426 744 0
426 745 0
426 746 0
427 424 0
427 425 0
427 426 0
427 427 0
427 428 0
428 762 0
428 763 0
428 764 0
429 765 0
430 766 0
431 767 0
432 768 0
432 769 0
432 770 0
433 765 0
434 765 0
435 771 0
435 772 0
435 773 0
435 774 0
435 775 0
436 766 0
437 766 0
438 776 0
438 777 0
438 778 0
438 779 0
438 780 0
439 767 0
440 767 0
441 781 0
441 782 0
441 783 0
441 784 0
441 785 0
442 768 0
442 769 0
442 770 0
443 442 0
443 443 0
443 444 0
443 445 0
443 446 0
444 768 0
444 769 0
444 770 0
445 442 0
445 443 0
445 444 0
445 445 0
445 446 0
446 786 0
446 787 0
446 788 0
447 789 0
448 790 0
449 791 0
450 792 0
450 793 0
450 794 0
451 789 0
452 789 0
453 795 0
453 796 0
453 797 0
453 798 0
453 799 0
454 790 0
455 790 0
456 800 0
456 801 0
456 802 0
456 803 0
456 804 0
457 791 0
458 791 0
459 805 0
459 806 0
459 807 0
459 808 0
459 809 0
460 792 0
460 793 0
460 794 0
461 460 0
461 461 0
461 462 0
461 463 0
461 464 0
462 792 0
462 793 0
462 794 0
463 460 0
463 461 0
463 462 0
463 463 0
463 464 0
464 810 0
464 811 0
464 812 0
465 813 0
466 814 0
467 815 0
468 816 0
468 817 0
468 818 0
469 813 0
470 813 0
471 819 0
471 820 0
471 821 0
471 822 0
471 823 0
472 814 0
473 814 0
474 824 0
474 825 0
474 826 0
474 827 0
474 828 0
475 815 0
476 815 0
477 829 0
477 830 0
477 831 0
477 832 0
477 833 0
478 816 0
478 817 0
478 818 0
479 478 0
479 479 0
479 480 0
479 481 0
479 482 0
480 816 0
480 817 0
480 818 0
481 478 0
481 479 0
481 480 0
481 481 0
481 482 0
482 834 0
482 835 0
482 836 0
483 837 0
484 838 0
485 839 0
486 840 0
486 841 0
486 842 0
487 837 0
488 837 0
489 843 0
489 844 0
489 845 0
489 846 0
489 847 0
490 838 0
491 838 0
492 848 0
492 849 0
492 850 0
492 851 0
492 852 0
493 839 0
494 839 0
495 853 0
495 854 0
495 855 0
495 856 0
495 857 0
496 840 0
496 841 0
496 842 0
497 496 0
497 497 0
497 498 0
497 499 0
497 500 0
498 840 0
498 841 0
498 842 0
499 496 0
499 497 0
499 498 0
499 499 0
499 500 0
500 858 0
500 859 0
500 860 0
501 861 0
502 862 0
503 863 0
504 864 0
504 865 0
504 866 0
505 861 0
506 861 0
507 867 0
507 868 0
507 869 0
507 870 0
507 871 0
508 862 0
509 862 0
510 872 0
510 873 0
510 874 0
510 875 0
510 876 0
511 863 0
512 863 0
513 877 0
513 878 0
513 879 0
513 880 0
513 881 0
514 864 0
514 865 0
514 866 0
515 514 0
515 515 0
515 516 0
515 517 0
515 518 0
516 864 0
516 865 0
516 866 0
517 514 0
517 515 0
517 516 0
517 517 0
517 518 0
518 882 0
518 883 0
518 884 0
519 885 0
520 886 0
521 887 0
522 888 0
522 889 0
522 890 0
523 885 0
524 885 0
525 891 0
525 892 0
525 893 0
525 894 0
525 895 0
526 886 0
527 886 0
528 896 0
528 897 0
528 898 0
528 899 0
528 900 0
529 887 0
530 887 0
531 901 0
531 902 0
531 903 0
531 904 0
531 905 0
532 888 0
532 889 0
532 890 0
533 532 0
533 533 0
533 534 0
533 535 0
533 536 0
534 888 0
534 889 0
534 890 0
535 532 0
535 533 0
535 534 0
535 535 0
535 536 0
536 906 0
536 907 0
536 908 0
537 909 0
538 910 0
539 911 0
540 912 0
540 913 0
540 914 0
541 909 0
542 909 0
543 915 0
543 916 0
543 917 0
543 918 0
543 919 0
544 910 0
545 910 0
546 920 0
546 921 0
546 922 0
546 923 0
546 924 0
547 911 0
548 911 0
549 925 0
549 926 0
549 927 0
549 928 0
549 929 0
550 912 0
550 913 0
550 914 0
551 550 0
551 551 0
551 552 0
551 553 0
551 554 0
552 912 0
552 913 0
552 914 0
553 550 0
553 551 0
553 552 0
553 553 0
553 554 0
554 930 0
554 931 0
554 932 0
555 933 0
556 934 0
557 935 0
558 936 0
558 937 0
558 938 0
559 933 0
560 933 0
561 939 0
561 940 0
561 941 0
561 942 0
561 943 0
562 934 0
563 934 0
564 944 0
564 945 0
564 946 0
564 947 0
564 948 0
565 935 0
566 935 0
567 949 0
567 950 0
567 951 0
567 952 0
567 953 0
568 936 0
568 937 0
568 938 0
569 568 0
569 569 0
569 570 0
569 571 0
569 572 0
570 936 0
570 937 0
570 938 0
571 568 0
571 569 0
571 570 0
571 571 0
571 572 0
572 954 0
572 955 0
572 956 0
573 957 0
573 958 0
573 959 0
574 960 0
574 961 0
574 962 0
575 963 0
575 964 0
575 965 0
576 576 0
576 577 0
576 578 0
577 576 0
577 577 0
577 578 0
578 966 0
579 957 0
579 958 0
579 959 0
580 579 0
580 580 0
580 581 0
580 582 0
580 583 0
581 957 0
581 958 0
581 959 0
582 579 0
582 580 0
582 581 0
582 582 0
582 583 0
583 967 0
583 968 0
583 969 12
583 970 13
583 971 0
584 960 0
584 961 0
584 962 0
585 584 0
585 585 0
585 586 0
585 587 0
585 588 0
586 960 0
586 961 0
586 962 0
587 584 0
587 585 0
587 586 0
587 587 0
587 588 0
588 972 0
588 973 0
588 974 12
588 975 13
588 976 0
589 963 0
589 964 0
589 965 0
590 589 0
590 590 0
590 591 0
590 592 0
590 593 0
591 963 0
591 964 0
591 965 0
592 589 0
592 590 0
592 591 0
592 592 0
592 593 0
593 977 0
593 978 0
593 979 12
593 980 13
593 981 0
594 966 0
595 966 0
596 982 0
596 983 0
597 984 0
597 985 0
597 986 0
598 987 0
598 988 0
598 989 0
599 990 0
599 991 0
599 992 0
600 600 0
600 601 0
600 602 0
601 600 0
601 601 0
601 602 0
602 993 0
603 984 0
603 985 0
603 986 0
604 603 0
604 604 0
604 605 0
604 606 0
604 607 0
605 984 0
605 985 0
605 986 0
606 603 0
606 604 0
606 605 0
606 606 0
606 607 0
607 994 0
607 995 0
607 996 12
607 997 13
607 998 0
608 987 0
608 988 0
608 989 0
609 608 0
609 609 0
609 610 0
609 611 0
609 612 0
610 987 0
610 988 0
610 989 0
611 608 0
611 609 0
611 610 0
611 611 0
611 612 0
612 999 0
612 1000 0
612 1001 12
612 1002 13
612 1003 0
613 990 0
613 991 0
613 992 0
614 613 0
614 614 0
614 615 0
614 616 0
614 617 0
615 990 0
615 991 0
615 992 0
616 613 0
616 614 0
616 615 0
616 616 0
616 617 0
617 1004 0
617 1005 0
617 1006 12
617 1007 13
617 1008 0
618 993 0
619 993 0
620 1009 0
620 1010 0
621 1011 0
621 1012 0
621 1013 0
622 1014 0
622 1015 0
622 1016 0
623 1017 0
623 1018 0
623 1019 0
624 624 0
624 625 0
624 626 0
625 624 0
625 625 0
625 626 0
626 1020 0
627 1011 0
627 1012 0
627 1013 0
628 627 0
628 628 0
628 629 0
628 630 0
628 631 0
629 1011 0
629 1012 0
629 1013 0
630 627 0
630 628 0
630 629 0
630 630 0
630 631 0
631 1021 0
631 1022 0
631 1023 12
631 1024 13
631 1025 0
632 1014 0
632 1015 0
632 1016 0
633 632 0
633 633 0
633 634 0
633 635 0
633 636 0
634 1014 0
634 1015 0
634 1016 0
635 632 0
635 633 0
635 634 0
635 635 0
635 636 0
636 1026 0
636 1027 0
636 1028 12
636 1029 13
636 1030 0
637 1017 0
637 1018 0
637 1019 0
638 637 0
638 638 0
638 639 0
638 640 0
638 641 0
639 1017 0
639 1018 0
639 1019 0
640 637 0
640 638 0
640 639 0
640 640 0
640 641 0
641 1031 0
641 1032 0
641 1033 12
641 1034 13
641 1035 0
642 1020 0
643 1020 0
644 1036 0
644 1037 0
645 1038 0
645 1039 0
645 1040 0
646 1041 0
646 1042 0
646 1043 0
647 1044 0
647 1045 0
647 1046 0
648 648 0
648 649 0
648 650 0
649 648 0
649 649 0
649 650 0
650 1047 0
651 1038 0
651 1039 0
651 1040 0
652 651 0
652 652 0
652 653 0
652 654 0
652 655 0
653 1038 0
653 1039 0
653 1040 0
654 651 0
654 652 0
654 653 0
654 654 0
654 655 0
655 1048 0
655 1049 0
655 1050 12
655 1051 13
655 1052 0
656 1041 0
656 1042 0
656 1043 0
657 656 0
657 657 0
657 658 0
657 659 0
657 660 0
658 1041 0
658 1042 0
658 1043 0
659 656 0
659 657 0
659 658 0
659 659 0
659 660 0
660 1053 0
660 1054 0
660 1055 12
660 1056 13
660 1057 0
661 1044 0
661 1045 0
661 1046 0
662 661 0
662 662 0
662 663 0
662 664 0
662 665 0
663 1044 0
663 1045 0
663 1046 0
664 661 0
664 662 0
664 663 0
664 664 0
664 665 0
665 1058 0
665 1059 0
665 1060 12
665 1061 13
665 1062 0
666 1047 0
667 1047 0
668 1063 0
668 1064 0
669 1065 0
669 1066 0
669 1067 0
670 1068 0
670 1069 0
670 1070 0
671 1071 0
671 1072 0
671 1073 0
672 672 0
672 673 0
672 674 0
673 672 0
673 673 0
673 674 0
674 1074 0
675 1065 0
675 1066 0
675 1067 0
676 675 0
676 676 0
676 677 0
676 678 0
676 679 0
677 1065 0
677 1066 0
677 1067 0
678 675 0
678 676 0
678 677 0
678 678 0
678 679 0
679 1075 0
679 1076 0
679 1077 12
679 1078 13
679 1079 0
680 1068 0
680 1069 0
680 1070 0
681 680 0
681 681 0
681 682 0
681 683 0
681 684 0
682 1068 0
682 1069 0
682 1070 0
683 680 0
683 681 0
683 682 0
683 683 0
683 684 0
684 1080 0
684 1081 0
684 1082 12
684 1083 13
684 1084 0
685 1071 0
685 1072 0
685 1073 0
686 685 0
686 686 0
686 687 0
686 688 0
686 689 0
687 1071 0
687 1072 0
687 1073 0
688 685 0
688 686 0
688 687 0
688 688 0
688 689 0
689 1085 0
689 1086 0
689 1087 12
689 1088 13
689 1089 0
690 1074 0
691 1074 0
692 1090 0
692 1091 0
693 1092 0
693 1093 0
693 1094 0
694 1095 0
694 1096 0
694 1097 0
695 1098 0
695 1099 0
695 1100 0
696 696 0
696 697 0
696 698 0
697 696 0
697 697 0
697 698 0
698 1101 0
699 1092 0
699 1093 0
699 1094 0
700 699 0
700 700 0
700 701 0
700 702 0
700 703 0
701 1092 0
701 1093 0
701 1094 0
702 699 0
702 700 0
702 701 0
702 702 0
702 703 0
703 1102 0
703 1103 0
703 1104 12
703 1105 13
703 1106 0
704 1095 0
704 1096 0
704 1097 0
705 704 0
705 705 0
705 706 0
705 707 0
705 708 0
706 1095 0
706 1096 0
706 1097 0
707 704 0
707 705 0
707 706 0
707 707 0
707 708 0
708 1107 0
708 1108 0
708 1109 12
708 1110 13
708 1111 0
709 1098 0
709 1099 0
709 1100 0
710 709 0
710 710 0
710 711 0
710 712 0
710 713 0
711 1098 0
711 1099 0
711 1100 0
712 709 0
712 710 0
712 711 0
712 712 0
712 713 0
713 1112 0
713 1113 0
713 1114 12
713 1115 13
713 1116 0
714 1101 0
715 1101 0
716 1117 0
716 1118 0
717 1119 0
717 1120 0
717 1121 0
718 1122 0
718 1123 0
718 1124 0
719 1125 0
719 1126 0
719 1127 0
720 720 0
720 721 0
720 722 0
721 720 0
721 721 0
721 722 0
722 1128 0
723 1119 0
723 1120 0
723 1121 0
724 723 0
724 724 0
724 725 0
724 726 0
724 727 0
725 1119 0
725 1120 0
725 1121 0
726 723 0
726 724 0
726 725 0
726 726 0
726 727 0
727 1129 0
727 1130 0
727 1131 12
727 1132 13
727 1133 0
728 1122 0
728 1123 0
728 1124 0
729 728 0
729 729 0
729 730 0
729 731 0
729 732 0
730 1122 0
730 1123 0
730 1124 0
731 728 0
731 729 0
731 730 0
731 731 0
731 732 0
732 1134 0
732 1135 0
732 1136 12
732 1137 13
732 1138 0
733 1125 0
733 1126 0
733 1127 0
734 733 0
734 734 0
734 735 0
734 736 0
734 737 0
735 1125 0
735 1126 0
735 1127 0
736 733 0
736 734 0
736 735 0
736 736 0
736 737 0
737 1139 0
737 1140 0
737 1141 12
737 1142 13
737 1143 0
738 1128 0
739 1128 0
740 1144 0
740 1145 0
741 1146 0
741 1147 0
741 1148 0
742 1149 0
742 1150 0
742 1151 0
743 1152 0
743 1153 0
743 1154 0
744 744 0
744 745 0
744 746 0
745 744 0
745 745 0
745 746 0
746 1155 0
747 1146 0
747 1147 0
747 1148 0
748 747 0
748 748 0
748 749 0
748 750 0
748 751 0
749 1146 0
749 1147 0
749 1148 0
750 747 0
750 748 0
750 749 0
750 750 0
750 751 0
751 1156 0
751 1157 0
751 1158 12
751 1159 13
751 1160 0
752 1149 0
752 1150 0
752 1151 0
753 752 0
753 753 0
753 754 0
753 755 0
753 756 0
754 1149 0
754 1150 0
754 1151 0
755 752 0
755 753 0
755 754 0
755 755 0
755 756 0
756 1161 0
756 1162 0
756 1163 12
756 1164 13
756 1165 0
757 1152 0
757 1153 0
757 1154 0
758 757 0
758 758 0
758 759 0
758 760 0
758 761 0
759 1152 0
759 1153 0
759 1154 0
760 757 0
760 758 0
760 759 0
760 760 0
760 761 0
761 1166 0
761 1167 0
761 1168 12
761 1169 13
761 1170 0
762 1155 0
763 1155 0
764 1171 0
764 1172 0
765 1173 0
765 1174 0
765 1175 0
766 1176 0
766 1177 0
766 1178 0
767 1179 0
767 1180 0
767 1181 0
768 768 0
768 769 0
768 770 0
769 768 0
769 769 0
769 770 0
770 1182 0
771 1173 0
771 1174 0
771 1175 0
772 771 0
772 772 0
772 773 0
772 774 0
772 775 0
773 1173 0
773 1174 0
773 1175 0
774 771 0
774 772 0
774 773 0
774 774 0
774 775 0
775 1183 0
775 1184 0
775 1185 12
775 1186 13
775 1187 0
776 1176 0
776 1177 0
776 1178 0
777 776 0
777 777 0
777 778 0
777 779 0
777 780 0
778 1176 0
778 1177 0
778 1178 0
779 776 0
779 777 0
779 778 0
779 779 0
779 780 0
780 1188 0
780 1189 0
780 1190 12
780 1191 13
780 1192 0
781 1179 0
781 1180 0
781 1181 0
782 781 0
782 782 0
782 783 0
782 784 0
782 785 0
783 1179 0
783 1180 0
783 1181 0
784 781 0
784 782 0
784 783 0
784 784 0
784 785 0
785 1193 0
785 1194 0
785 1195 12
785 1196 13
785 1197 0
786 1182 0
787 1182 0
788 1198 0
788 1199 0
789 1200 0
789 1201 0
789 1202 0
790 1203 0
790 1204 0
790 1205 0
791 1206 0
791 1207 0
791 1208 0
792 792 0
792 793 0
792 794 0
793 792 0
793 793 0
793 794 0
794 1209 0
795 1200 0
795 1201 0
795 1202 0
796 795 0
796 796 0
796 797 0
796 798 0
796 799 0
797 1200 0
797 1201 0
797 1202 0
798 795 0
798 796 0
798 797 0
798 798 0
798 799 0
799 1210 0
799 1211 0
799 1212 12
799 1213 13
799 1214 0
800 1203 0
800 1204 0
800 1205 0
801 800 0
801 801 0
801 802 0
801 803 0
801 804 0
802 1203 0
802 1204 0
802 1205 0
803 800 0
803 801 0
803 802 0
803 803 0
803 804 0
804 1215 0
804 1216 0
804 1217 12
804 1218 13
804 1219 0
805 1206 0
805 1207 0
805 1208 0
806 805 0
806 806 0
806 807 0
806 808 0
806 809 0
807 1206 0
807 1207 0
807 1208 0
808 805 0
808 806 0
808 807 0
808 808 0
808 809 0
809 1220 0
809 1221 0
809 1222 12
809 1223 13
809 1224 0
810 1209 0
811 1209 0
812 1225 0
812 1226 0
813 1227 0
813 1228 0
813 1229 0
814 1230 0
814 1231 0
814 1232 0
815 1233 0
815 1234 0
815 1235 0
816 816 0
816 817 0
816 818 0
817 816 0
817 817 0
817 818 0
818 1236 0
819 1227 0
819 1228 0
819 1229 0
820 819 0
820 820 0
820 821 0
820 822 0
820 823 0
821 1227 0
821 1228 0
821 1229 0
822 819 0
822 820 0
822 821 0
822 822 0
822 823 0
823 1237 0
823 1238 0
823 1239 12
823 1240 13
823 1241 0
824 1230 0
824 1231 0
824 1232 0
825 824 0
825 825 0
825 826 0
825 827 0
825 828 0
826 1230 0
826 1231 0
826 1232 0
827 824 0
827 825 0
827 826 0
827 827 0
827 828 0
828 1242 0
828 1243 0
828 1244 12
828 1245 13
828 1246 0
829 1233 0
829 1234 0
829 1235 0
830 829 0
830 830 0
830 831 0
830 832 0
830 833 0
831 1233 0
831 1234 0
831 1235 0
832 829 0
832 830 0
832 831 0
832 832 0
832 833 0
833 1247 0
833 1248 0
833 1249 12
833 1250 13
833 1251 0
834 1236 0
835 1236 0
836 1252 0
836 1253 0
837 1254 0
837 1255 0
837 1256 0
838 1257 0
838 1258 0
838 1259 0
839 1260 0
839 1261 0
839 1262 0
840 840 0
840 841 0
840 842 0
841 840 0
841 841 0
841 842 0
842 1263 0
843 1254 0
843 1255 0
843 1256 0
844 843 0
844 844 0
844 845 0
844 846 0
844 847 0
845 1254 0
845 1255 0
845 1256 0
846 843 0
846 844 0
846 845 0
846 846 0
846 847 0
847 1264 0
847 1265 0
847 1266 12
847 1267 13
847 1268 0
848 1257 0
848 1258 0
848 1259 0
849 848 0
849 849 0
849 850 0
849 851 0
849 852 0
850 1257 0
850 1258 0
850 1259 0
851 848 0
851 849 0
851 850 0
851 851 0
851 852 0
852 1269 0
852 1270 0
852 1271 12
852 1272 13
852 1273 0
853 1260 0
853 1261 0
853 1262 0
854 853 0
854 854 0
854 855 0
854 856 0
854 857 0
855 1260 0
855 1261 0
855 1262 0
856 853 0
856 854 0
856 855 0
856 856 0
856 857 0
857 1274 0
857 1275 0
857 1276 12
857 1277 13
857 1278 0
858 1263 0
859 1263 0
860 1279 0
860 1280 0
861 1281 0
861 1282 0
861 1283 0
862 1284 0
862 1285 0
862 1286 0
863 1287 0
863 1288 0
863 1289 0
864 864 0
864 865 0
864 866 0
865 864 0
865 865 0
865 866 0
866 1290 0
867 1281 0
867 1282 0
867 1283 0
868 867 0
868 868 0
868 869 0
868 870 0
868 871 0
869 1281 0
869 1282 0
869 1283 0
870 867 0
870 868 0
870 869 0
870 870 0
870 871 0
871 1291 0
871 1292 0
871 1293 12
871 1294 13
871 1295 0
872 1284 0
872 1285 0
872 1286 0
873 872 0
873 873 0
873 874 0
873 875 0
873 876 0
874 1284 0
874 1285 0
874 1286 0
875 872 0
875 873 0
875 874 0
875 875 0
875 876 0
876 1296 0
876 1297 0
876 1298 12
876 1299 13
876 1300 0
877 1287 0
877 1288 0
877 1289 0
878 877 0
878 878 0
878 879 0
878 880 0
878 881 0
879 1287 0
879 1288 0
879 1289 0
880 877 0
880 878 0
880 879 0
880 880 0
880 881 0
881 1301 0
881 1302 0
881 1303 12
881 1304 13
881 1305 0
882 1290 0
883 1290 0
884 1306 0
884 1307 0
885 1308 0
885 1309 0
885 1310 0
886 1311 0
886 1312 0
886 1313 0
887 1314 0
887 1315 0
887 1316 0
888 888 0
888 889 0
888 890 0
889 888 0
889 889 0
889 890 0
890 1317 0
891 1308 0
891 1309 0
891 1310 0
892 891 0
892 892 0
892 893 0
892 894 0
892 895 0
893 1308 0
893 1309 0
893 1310 0
894 891 0
894 892 0
894 893 0
894 894 0
894 895 0
895 1318 0
895 1319 0
895 1320 12
895 1321 13
895 1322 0
896 1311 0
896 1312 0
896 1313 0
897 896 0
897 897 0
897 898 0
897 899 0
897 900 0
898 1311 0
898 1312 0
898 1313 0
899 896 0
899 897 0
899 898 0
899 899 0
899 900 0
900 1323 0
900 1324 0
900 1325 12
900 1326 13
900 1327 0
901 1314 0
901 1315 0
901 1316 0
902 901 0
902 902 0
902 903 0
902 904 0
902 905 0
903 1314 0
903 1315 0
903 1316 0
904 901 0
904 902 0
904 903 0
904 904 0
904 905 0
905 1328 0
905 1329 0
905 1330 12
905 1331 13
905 1332 0
906 1317 0
907 1317 0
908 1333 0
908 1334 0
909 1335 0
909 1336 0
909 1337 0
910 1338 0
910 1339 0
910 1340 0
911 1341 0
911 1342 0
911 1343 0
912 912 0
912 913 0
912 914 0
913 912 0
913 913 0
913 914 0
914 1344 0
915 1335 0
915 1336 0
915 1337 0
916 915 0
916 916 0
916 917 0
916 918 0
916 919 0
917 1335 0
917 1336 0
917 1337 0
918 915 0
918 916 0
918 917 0
918 918 0
918 919 0
919 1345 0
919 1346 0
919 1347 12
919 1348 13
919 1349 0
920 1338 0
920 1339 0
920 1340 0
921 920 0
921 921 0
921 922 0
921 923 0
921 924 0
922 1338 0
922 1339 0
922 1340 0
923 920 0
923 921 0
923 922 0
923 923 0
923 924 0
924 1350 0
924 1351 0
924 1352 12
924 1353 13
924 1354 0
925 1341 0
925 1342 0
925 1343 0
926 925 0
926 926 0
926 927 0
926 928 0
926 929 0
927 1341 0
927 1342 0
927 1343 0
928 925 0
928 926 0
928 927 0
928 928 0
928 929 0
929 1355 0
929 1356 0
929 1357 12
929 1358 13
929 1359 0
930 1344 0
931 1344 0
932 1360 0
932 1361 0
933 1362 0
933 1363 0
933 1364 0
934 1365 0
934 1366 0
934 1367 0
935 1368 0
935 1369 0
935 1370 0
936 936 0
936 937 0
936 938 0
937 936 0
937 937 0
937 938 0
938 1371 0
939 1362 0
939 1363 0
939 1364 0
940 939 0
940 940 0
940 941 0
940 942 0
940 943 0
941 1362 0
941 1363 0
941 1364 0
942 939 0
942 940 0
942 941 0
942 942 0
942 943 0
943 1372 0
943 1373 0
943 1374 12
943 1375 13
943 1376 0
944 1365 0
944 1366 0
944 1367 0
945 944 0
945 945 0
945 946 0
945 947 0
945 948 0
946 1365 0
946 1366 0
946 1367 0
947 944 0
947 945 0
947 946 0
947 947 0
947 948 0
948 1377 0
948 1378 0
948 1379 12
948 1380 13
948 1381 0
949 1368 0
949 1369 0
949 1370 0
950 949 0
950 950 0
950 951 0
950 952 0
950 953 0
951 1368 0
951 1369 0
951 1370 0
952 949 0
952 950 0
952 951 0
952 952 0
952 953 0
953 1382 0
953 1383 0
953 1384 12
953 1385 13
953 1386 0
954 1371 0
955 1371 0
956 1387 0
956 1388 0
957 957 0
957 958 0
957 959 0
958 957 0
958 958 0
958 959 0
959 1389 12
959 1390 13
959 1391 0
960 960 0
960 961 0
960 962 0
961 960 0
961 961 0
961 962 0
962 1392 12
962 1393 13
962 1394 0
963 963 0
963 964 0
963 965 0
964 963 0
964 964 0
964 965 0
965 1395 12
965 1396 13
965 1397 0
967 1389 12
967 1390 13
967 1391 0
968 1389 12
968 1390 13
968 1391 0
969 1398 0
969 1399 0
969 1400 0
970 1401 0
970 1402 14
970 1403 0
970 1404 15
970 1405 0
971 1406 0
971 1407 0
972 1392 12
972 1393 13
972 1394 0
973 1392 12
973 1393 13
973 1394 0
974 1408 0
974 1409 0
974 1410 0
975 1411 0
975 1412 14
975 1413 0
975 1414 15
975 1415 0
976 1416 0
976 1417 0
977 1395 12
977 1396 13
977 1397 0
978 1395 12
978 1396 13
978 1397 0
979 1418 0
979 1419 0
979 1420 0
980 1421 0
980 1422 14
980 1423 0
980 1424 15
980 1425 0
981 1426 0
981 1427 0
984 984 0
984 985 0
984 986 0
985 984 0
985 985 0
985 986 0
986 1428 12
986 1429 13
986 1430 0
987 987 0
987 988 0
987 989 0
988 987 0
988 988 0
988 989 0
989 1431 12
989 1432 13
989 1433 0
990 990 0
990 991 0
990 992 0
991 990 0
991 991 0
991 992 0
992 1434 12
992 1435 13
992 1436 0
994 1428 12
994 1429 13
994 1430 0
995 1428 12
995 1429 13
995 1430 0
996 1437 0
996 1438 0
996 1439 0
997 1440 0
997 1441 14
997 1442 0
997 1443 15
997 1444 0
998 1445 0
998 1446 0
999 1431 12
999 1432 13
999 1433 0
1000 1431 12
1000 1432 13
1000 1433 0
1001 1447 0
1001 1448 0
1001 1449 0
1002 1450 0
1002 1451 14
1002 1452 0
1002 1453 15
1002 1454 0
1003 1455 0
1003 1456 0
1004 1434 12
1004 1435 13
1004 1436 0
1005 1434 12
1005 1435 13
1005 1436 0
1006 1457 0
1006 1458 0
1006 1459 0
1007 1460 0
1007 1461 14
1007 1462 0
1007 1463 15
1007 1464 0
1008 1465 0
1008 1466 0
1011 1011 0
1011 1012 0
1011 1013 0
1012 1011 0
1012 1012 0
1012 1013 0
1013 1467 12
1013 1468 13
1013 1469 0
1014 1014 0
1014 1015 0
1014 1016 0
1015 1014 0
1015 1015 0
1015 1016 0
1016 1470 12
1016 1471 13
1016 1472 0
1017 1017 0
1017 1018 0
1017 1019 0
1018 1017 0
1018 1018 0
1018 1019 0
1019 1473 12
1019 1474 13
1019 1475 0
1021 1467 12
1021 1468 13
1021 1469 0
1022 1467 12
1022 1468 13
1022 1469 0
1023 1476 0
1023 1477 0
1023 1478 0
1024 1479 0
1024 1480 14
1024 1481 0
1024 1482 15
1024 1483 0
1025 1484 0
1025 1485 0
1026 1470 12
1026 1471 13
1026 1472 0
1027 1470 12
1027 1471 13
1027 1472 0
1028 1486 0
1028 1487 0
1028 1488 0
1029 1489 0
1029 1490 14
1029 1491 0
1029 1492 15
1029 1493 0
1030 1494 0
1030 1495 0
1031 1473 12
1031 1474 13
1031 1475 0
1032 1473 12
1032 1474 13
1032 1475 0
1033 1496 0
1033 1497 0
1033 1498 0
1034 1499 0
1034 1500 14
1034 1501 0
1034 1502 15
1034 1503 0
1035 1504 0
1035 1505 0
1038 1038 0
1038 1039 0
1038 1040 0
1039 1038 0
1039 1039 0
1039 1040 0
1040 1506 12
1040 1507 13
1040 1508 0
1041 1041 0
1041 1042 0
1041 1043 0
1042 1041 0
1042 1042 0
1042 1043 0
1043 1509 12
1043 1510 13
1043 1511 0
1044 1044 0
1044 1045 0
1044 1046 0
1045 1044 0
1045 1045 0
1045 1046 0
1046 1512 12
1046 1513 13
1046 1514 0
1048 1506 12
1048 1507 13
1048 1508 0
1049 1506 12
1049 1507 13
1049 1508 0
1050 1515 0
1050 1516 0
1050 1517 0
1051 1518 0
1051 1519 14
1051 1520 0
1051 1521 15
1051 1522 0
1052 1523 0
1052 1524 0
1053 1509 12
1053 1510 13
1053 1511 0
1054 1509 12
1054 1510 13
1054 1511 0
1055 1525 0
1055 1526 0
1055 1527 0
1056 1528 0
1056 1529 14
1056 1530 0
1056 1531 15
1056 1532 0
1057 1533 0
1057 1534 0
1058 1512 12
1058 1513 13
1058 1514 0
1059 1512 12
1059 1513 13
1059 1514 0
1060 1535 0
1060 1536 0
1060 1537 0
1061 1538 0
1061 1539 14
1061 1540 0
1061 1541 15
1061 1542 0
1062 1543 0
1062 1544 0
1065 1065 0
1065 1066 0
1065 1067 0
1066 1065 0
1066 1066 0
1066 1067 0
1067 1545 12
1067 1546 13
1067 1547 0
1068 1068 0
1068 1069 0
1068 1070 0
1069 1068 0
1069 1069 0
1069 1070 0
1070 1548 12
1070 1549 13
1070 1550 0
1071 1071 0
1071 1072 0
1071 1073 0
1072 1071 0
1072 1072 0
1072 1073 0
1073 1551 12
1073 1552 13
1073 1553 0
1075 1545 12
1075 1546 13
1075 1547 0
1076 1545 12
1076 1546 13
1076 1547 0
1077 1554 0
1077 1555 0
1077 1556 0
1078 1557 0
1078 1558 14
1078 1559 0
1078 1560 15
1078 1561 0
1079 1562 0
1079 1563 0
1080 1548 12
1080 1549 13
1080 1550 0
1081 1548 12
1081 1549 13
1081 1550 0
1082 1564 0
1082 1565 0
1082 1566 0
1083 1567 0
1083 1568 14
1083 1569 0
1083 1570 15
1083 1571 0
1084 1572 0
1084 1573 0
1085 1551 12
1085 1552 13
1085 1553 0
1086 1551 12
1086 1552 13
1086 1553 0
1087 1574 0
1087 1575 0
1087 1576 0
1088 1577 0
1088 1578 14
1088 1579 0
1088 1580 15
1088 1581 0
1089 1582 0
1089 1583 0
1092 1092 0
1092 1093 0
1092 1094 0
1093 1092 0
1093 1093 0
1093 1094 0
1094 1584 12
1094 1585 13
1094 1586 0
1095 1095 0
1095 1096 0
1095 1097 0
1096 1095 0
1096 1096 0
1096 1097 0
1097 1587 12
1097 1588 13
1097 1589 0
1098 1098 0
1098 1099 0
1098 1100 0
1099 1098 0
1099 1099 0
1099 1100 0
1100 1590 12
1100 1591 13
1100 1592 0
1102 1584 12
1102 1585 13
1102 1586 0
1103 1584 12
1103 1585 13
1103 1586 0
1104 1593 0
1104 1594 0
1104 1595 0
1105 1596 0
1105 1597 14
1105 1598 0
1105 1599 15
1105 1600 0
1106 1601 0
1106 1602 0
1107 1587 12
1107 1588 13
1107 1589 0
1108 1587 12
1108 1588 13
1108 1589 0
1109 1603 0
1109 1604 0
1109 1605 0
1110 1606 0
1110 1607 14
1110 1608 0
1110 1609 15
1110 1610 0
1111 1611 0
1111 1612 0
1112 1590 12
1112 1591 13
1112 1592 0
1113 1590 12
1113 1591 13
1113 1592 0
1114 1613 0
1114 1614 0
1114 1615 0
1115 1616 0
1115 1617 14
1115 1618 0
1115 1619 15
1115 1620 0
1116 1621 0
1116 1622 0
1119 1119 0
1119 1120 0
1119 1121 0
1120 1119 0
1120 1120 0
1120 1121 0
1121 1623 12
1121 1624 13
1121 1625 0
1122 1122 0
1122 1123 0
1122 1124 0
1123 1122 0
1123 1123 0
1123 1124 0
1124 1626 12
1124 1627 13
1124 1628 0
1125 1125 0
1125 1126 0
1125 1127 0
1126 1125 0
1126 1126 0
1126 1127 0
1127 1629 12
1127 1630 13
1127 1631 0
1129 1623 12
1129 1624 13
1129 1625 0
1130 1623 12
1130 1624 13
1130 1625 0
1131 1632 0
1131 1633 0
1131 1634 0
1132 1635 0
1132 1636 14
1132 1637 0
1132 1638 15
1132 1639 0
1133 1640 0
1133 1641 0
1134 1626 12
1134 1627 13
1134 1628 0
1135 1626 12
1135 1627 13
1135 1628 0
1136 1642 0
1136 1643 0
1136 1644 0
1137 1645 0
1137 1646 14
1137 1647 0
1137 1648 15
1137 1649 0
1138 1650 0
1138 1651 0
1139 1629 12
1139 1630 13
1139 1631 0
1140 1629 12
1140 1630 13
1140 1631 0
1141 1652 0
1141 1653 0
1141 1654 0
1142 1655 0
1142 1656 14
1142 1657 0
1142 1658 15
1142 1659 0
1143 1660 0
1143 1661 0
1146 1146 0
1146 1147 0
1146 1148 0
1147 1146 0
1147 1147 0
1147 1148 0
1148 1662 12
1148 1663 13
1148 1664 0
1149 1149 0
1149 1150 0
1149 1151 0
1150 1149 0
1150 1150 0
1150 1151 0
1151 1665 12
1151 1666 13
1151 1667 0
1152 1152 0
1152 1153 0
1152 1154 0
1153 1152 0
1153 1153 0
1153 1154 0
1154 1668 12
1154 1669 13
1154 1670 0
1156 1662 12
1156 1663 13
1156 1664 0
1157 1662 12
1157 1663 13
1157 1664 0
1158 1671 0
1158 1672 0
1158 1673 0
1159 1674 0
1159 1675 14
1159 1676 0
1159 1677 15
1159 1678 0
1160 1679 0
1160 1680 0
1161 1665 12
1161 1666 13
1161 1667 0
1162 1665 12
1162 1666 13
1162 1667 0
1163 1681 0
1163 1682 0
1163 1683 0
1164 1684 0
1164 1685 14
1164 1686 0
1164 1687 15
1164 1688 0
1165 1689 0
1165 1690 0
1166 1668 12
1166 1669 13
1166 1670 0
1167 1668 12
1167 1669 13
1167 1670 0
1168 1691 0
1168 1692 0
1168 1693 0
1169 1694 0
1169 1695 14
1169 1696 0
1169 1697 15
1169 1698 0
1170 1699 0
1170 1700 0
1173 1173 0
1173 1174 0
1173 1175 0
1174 1173 0
1174 1174 0
1174 1175 0
1175 1701 12
1175 1702 13
1175 1703 0
1176 1176 0
1176 1177 0
1176 1178 0
1177 1176 0
1177 1177 0
1177 1178 0
1178 1704 12
1178 1705 13
1178 1706 0
1179 1179 0
1179 1180 0
1179 1181 0
1180 1179 0
1180 1180 0
1180 1181 0
1181 1707 12
1181 1708 13
1181 1709 0
1183 1701 12
1183 1702 13
1183 1703 0
1184 1701 12
1184 1702 13
1184 1703 0
1185 1710 0
1185 1711 0
1185 1712 0
1186 1713 0
1186 1714 14
1186 1715 0
1186 1716 15
1186 1717 0
1187 1718 0
1187 1719 0
1188 1704 12
1188 1705 13
1188 1706 0
1189 1704 12
1189 1705 13
1189 1706 0
1190 1720 0
1190 1721 0
1190 1722 0
1191 1723 0
1191 1724 14
1191 1725 0
1191 1726 15
1191 1727 0
1192 1728 0
1192 1729 0
1193 1707 12
1193 1708 13
1193 1709 0
1194 1707 12
1194 1708 13
1194 1709 0
1195 1730 0
1195 1731 0
1195 1732 0
1196 1733 0
1196 1734 14
1196 1735 0
1196 1736 15
1196 1737 0
1197 1738 0
1197 1739 0
1200 1200 0
1200 1201 0
1200 1202 0
1201 1200 0
1201 1201 0
1201 1202 0
1202 1740 12
1202 1741 13
1202 1742 0
1203 1203 0
1203 1204 0
1203 1205 0
1204 1203 0
1204 1204 0
1204 1205 0
1205 1743 12
1205 1744 13
1205 1745 0
1206 1206 0
1206 1207 0
1206 1208 0
1207 1206 0
1207 1207 0
1207 1208 0
1208 1746 12
1208 1747 13
1208 1748 0
1210 1740 12
1210 1741 13
1210 1742 0
1211 1740 12
1211 1741 13
1211 1742 0
1212 1749 0
1212 1750 0
1212 1751 0
1213 1752 0
1213 1753 14
1213 1754 0
1213 1755 15
1213 1756 0
1214 1757 0
1214 1758 0
1215 1743 12
1215 1744 13
1215 1745 0
1216 1743 12
1216 1744 13
1216 1745 0
1217 1759 0
1217 1760 0
1217 1761 0
1218 1762 0
1218 1763 14
1218 1764 0
1218 1765 15
1218 1766 0
1219 1767 0
1219 1768 0
1220 1746 12
1220 1747 13
1220 1748 0
1221 1746 12
1221 1747 13
1221 1748 0
1222 1769 0
1222 1770 0
1222 1771 0
1223 1772 0
1223 1773 14
1223 1774 0
1223 1775 15
1223 1776 0
1224 1777 0
1224 1778 0
1227 1227 0
1227 1228 0
1227 1229 0
1228 1227 0
1228 1228 0
1228 1229 0
1229 1779 12
1229 1780 13
1229 1781 0
1230 1230 0
1230 1231 0
1230 1232 0
1231 1230 0
1231 1231 0
1231 1232 0
1232 1782 12
1232 1783 13
1232 1784 0
1233 1233 0
1233 1234 0
1233 1235 0
1234 1233 0
1234 1234 0
1234 1235 0
1235 1785 12
1235 1786 13
1235 1787 0
1237 1779 12
1237 1780 13
1237 1781 0
1238 1779 12
1238 1780 13
1238 1781 0
1239 1788 0
1239 1789 0
1239 1790 0
1240 1791 0
1240 1792 14
1240 1793 0
1240 1794 15
1240 1795 0
1241 1796 0
1241 1797 0
1242 1782 12
1242 1783 13
1242 1784 0
1243 1782 12
1243 1783 13
1243 1784 0
1244 1798 0
1244 1799 0
1244 1800 0
1245 1801 0
1245 1802 14
1245 1803 0
1245 1804 15
1245 1805 0
1246 1806 0
1246 1807 0
1247 1785 12
1247 1786 13
1247 1787 0
1248 1785 12
1248 1786 13
1248 1787 0
1249 1808 0
1249 1809 0
1249 1810 0
1250 1811 0
1250 1812 14
1250 1813 0
1250 1814 15
1250 1815 0
1251 1816 0
1251 1817 0
1254 1254 0
1254 1255 0
1254 1256 0
1255 1254 0
1255 1255 0
1255 1256 0
1256 1818 12
1256 1819 13
1256 1820 0
1257 1257 0
1257 1258 0
1257 1259 0
1258 1257 0
1258 1258 0
1258 1259 0
1259 1821 12
1259 1822 13
1259 1823 0
1260 1260 0
1260 1261 0
1260 1262 0
1261 1260 0
1261 1261 0
1261 1262 0
1262 1824 12
1262 1825 13
1262 1826 0
1264 1818 12
1264 1819 13
1264 1820 0
1265 1818 12
1265 1819 13
1265 1820 0
1266 1827 0
1266 1828 0
1266 1829 0
1267 1830 0
1267 1831 14
1267 1832 0
1267 1833 15
1267 1834 0
1268 1835 0
1268 1836 0
1269 1821 12
1269 1822 13
1269 1823 0
1270 1821 12
1270 1822 13
1270 1823 0
1271 1837 0
1271 1838 0
1271 1839 0
1272 1840 0
1272 1841 14
1272 1842 0
1272 1843 15
1272 1844 0
1273 1845 0
1273 1846 0
1274 1824 12
1274 1825 13
1274 1826 0
1275 1824 12
1275 1825 13
1275 1826 0
1276 1847 0
1276 1848 0
1276 1849 0
1277 1850 0
1277 1851 14
1277 1852 0
1277 1853 15
1277 1854 0
1278 1855 0
1278 1856 0
1281 1281 0
1281 1282 0
1281 1283 0
1282 1281 0
1282 1282 0
1282 1283 0
1283 1857 12
1283 1858 13
1283 1859 0
1284 1284 0
1284 1285 0
1284 1286 0
1285 1284 0
1285 1285 0
1285 1286 0
1286 1860 12
1286 1861 13
1286 1862 0
1287 1287 0
1287 1288 0
1287 1289 0
1288 1287 0
1288 1288 0
1288 1289 0
1289 1863 12
1289 1864 13
1289 1865 0
1291 1857 12
1291 1858 13
1291 1859 0
1292 1857 12
1292 1858 13
1292 1859 0
1293 1866 0
1293 1867 0
1293 1868 0
1294 1869 0
1294 1870 14
1294 1871 0
1294 1872 15
1294 1873 0
1295 1874 0
1295 1875 0
1296 1860 12
1296 1861 13
1296 1862 0
1297 1860 12
1297 1861 13
1297 1862 0
1298 1876 0
1298 1877 0
1298 1878 0
1299 1879 0
1299 1880 14
1299 1881 0
1299 1882 15
1299 1883 0
1300 1884 0
1300 1885 0
1301 1863 12
1301 1864 13
1301 1865 0
1302 1863 12
1302 1864 13
1302 1865 0
1303 1886 0
1303 1887 0
1303 1888 0
1304 1889 0
1304 1890 14
1304 1891 0
1304 1892 15
1304 1893 0
1305 1894 0
1305 1895 0
1308 1308 0
1308 1309 0
1308 1310 0
1309 1308 0
1309 1309 0
1309 1310 0
1310 1896 12
1310 1897 13
1310 1898 0
1311 1311 0
1311 1312 0
1311 1313 0
1312 1311 0
1312 1312 0
1312 1313 0
1313 1899 12
1313 1900 13
1313 1901 0
1314 1314 0
1314 1315 0
1314 1316 0
1315 1314 0
1315 1315 0
1315 1316 0
1316 1902 12
1316 1903 13
1316 1904 0
1318 1896 12
1318 1897 13
1318 1898 0
1319 1896 12
1319 1897 13
1319 1898 0
1320 1905 0
1320 1906 0
1320 1907 0
1321 1908 0
1321 1909 14
1321 1910 0
1321 1911 15
1321 1912 0
1322 1913 0
1322 1914 0
1323 1899 12
1323 1900 13
1323 1901 0
1324 1899 12
1324 1900 13
1324 1901 0
1325 1915 0
1325 1916 0
1325 1917 0
1326 1918 0
1326 1919 14
1326 1920 0
1326 1921 15
1326 1922 0
1327 1923 0
1327 1924 0
1328 1902 12
1328 1903 13
1328 1904 0
1329 1902 12
1329 1903 13
1329 1904 0
1330 1925 0
1330 1926 0
1330 1927 0
1331 1928 0
1331 1929 14
1331 1930 0
1331 1931 15
1331 1932 0
1332 1933 0
1332 1934 0
1335 1335 0
1335 1336 0
1335 1337 0
1336 1335 0
1336 1336 0
1336 1337 0
1337 1935 12
1337 1936 13
1337 1937 0
1338 1338 0
1338 1339 0
1338 1340 0
1339 1338 0
1339 1339 0
1339 1340 0
1340 1938 12
1340 1939 13
1340 1940 0
1341 1341 0
1341 1342 0
1341 1343 0
1342 1341 0
1342 1342 0
1342 1343 0
1343 1941 12
1343 1942 13
1343 1943 0
1345 1935 12
1345 1936 13
1345 1937 0
1346 1935 12
1346 1936 13
1346 1937 0
1347 1944 0
1347 1945 0
1347 1946 0
1348 1947 0
1348 1948 14
1348 1949 0
1348 1950 15
1348 1951 0
1349 1952 0
1349 1953 0
1350 1938 12
1350 1939 13
1350 1940 0
1351 1938 12
1351 1939 13
1351 1940 0
1352 1954 0
1352 1955 0
1352 1956 0
1353 1957 0
1353 1958 14
1353 1959 0
1353 1960 15
1353 1961 0
1354 1962 0
1354 1963 0
1355 1941 12
1355 1942 13
1355 1943 0
1356 1941 12
1356 1942 13
1356 1943 0
1357 1964 0
1357 1965 0
1357 1966 0
1358 1967 0
1358 1968 14
1358 1969 0
1358 1970 15
1358 1971 0
1359 1972 0
1359 1973 0
1362 1362 0
1362 1363 0
1362 1364 0
1363 1362 0
1363 1363 0
1363 1364 0
1364 1974 12
1364 1975 13
1364 1976 0
1365 1365 0
1365 1366 0
1365 1367 0
1366 1365 0
1366 1366 0
1366 1367 0
1367 1977 12
1367 1978 13
1367 1979 0
1368 1368 0
1368 1369 0
1368 1370 0
1369 1368 0
1369 1369 0
1369 1370 0
1370 1980 12
1370 1981 13
1370 1982 0
1372 1974 12
1372 1975 13
1372 1976 0
1373 1974 12
1373 1975 13
1373 1976 0
1374 1983 0
1374 1984 0
1374 1985 0
1375 1986 0
1375 1987 14
1375 1988 0
1375 1989 15
1375 1990 0
1376 1991 0
1376 1992 0
1377 1977 12
1377 1978 13
1377 1979 0
1378 1977 12
1378 1978 13
1378 1979 0
1379 1993 0
1379 1994 0
1379 1995 0
1380 1996 0
1380 1997 14
1380 1998 0
1380 1999 15
1380 2000 0
1381 2001 0
1381 2002 0
1382 1980 12
1382 1981 13
1382 1982 0
1383 1980 12
1383 1981 13
1383 1982 0
1384 2003 0
1384 2004 0
1384 2005 0
1385 2006 0
1385 2007 14
1385 2008 0
1385 2009 15
1385 2010 0
1386 2011 0
1386 2012 0
1389 2013 0
1390 2014 14
1390 2015 15
1390 2016 0
1392 2017 0
1393 2018 14
1393 2019 15
1393 2020 0
1395 2021 0
1396 2022 14
1396 2023 15
1396 2024 0
1398 2013 0
1399 2013 0
1400 2025 0
1400 2026 0
1401 2014 14
1401 2015 15
1401 2016 0
1402 2027 0
1402 2028 0
1402 2029 0
1403 2014 14
1403 2015 15
1403 2016 0
1404 2027 0
1404 2028 0
1404 2029 0
1405 2030 0
1405 2031 14
1405 2032 0
1405 2033 15
1408 2017 0
1409 2017 0
1410 2034 0
1410 2035 0
1411 2018 14
1411 2019 15
1411 2020 0
1412 2036 0
1412 2037 0
1412 2038 0
1413 2018 14
1413 2019 15
1413 2020 0
1414 2036 0
1414 2037 0
1414 2038 0
1415 2039 0
1415 2040 14
1415 2041 0
1415 2042 15
1418 2021 0
1419 2021 0
1420 2043 0
1420 2044 0
1421 2022 14
1421 2023 15
1421 2024 0
1422 2045 0
1422 2046 0
1422 2047 0
1423 2022 14
1423 2023 15
1423 2024 0
1424 2045 0
1424 2046 0
1424 2047 0
1425 2048 0
1425 2049 14
1425 2050 0
1425 2051 15
1428 2052 0
1429 2053 14
1429 2054 15
1429 2055 0
1431 2056 0
1432 2057 14
1432 2058 15
1432 2059 0
1434 2060 0
1435 2061 14
1435 2062 15
1435 2063 0
1437 2052 0
1438 2052 0
1439 2064 0
1439 2065 0
1440 2053 14
1440 2054 15
1440 2055 0
1441 2066 0
1441 2067 0
1441 2068 0
1442 2053 14
1442 2054 15
1442 2055 0
1443 2066 0
1443 2067 0
1443 2068 0
1444 2069 0
1444 2070 14
1444 2071 0
1444 2072 15
1447 2056 0
1448 2056 0
1449 2073 0
1449 2074 0
1450 2057 14
1450 2058 15
1450 2059 0
1451 2075 0
1451 2076 0
1451 2077 0
1452 2057 14
1452 2058 15
1452 2059 0
1453 2075 0
1453 2076 0
1453 2077 0
1454 2078 0
1454 2079 14
1454 2080 0
1454 2081 15
1457 2060 0
1458 2060 0
1459 2082 0
1459 2083 0
1460 2061 14
1460 2062 15
1460 2063 0
1461 2084 0
1461 2085 0
1461 2086 0
1462 2061 14
1462 2062 15
1462 2063 0
1463 2084 0
1463 2085 0
1463 2086 0
1464 2087 0
1464 2088 14
1464 2089 0
1464 2090 15
1467 2091 0
1468 2092 14
1468 2093 15
1468 2094 0
1470 2095 0
1471 2096 14
1471 2097 15
1471 2098 0
1473 2099 0
1474 2100 14
1474 2101 15
1474 2102 0
1476 2091 0
1477 2091 0
1478 2103 0
1478 2104 0
1479 2092 14
1479 2093 15
1479 2094 0
1480 2105 0
1480 2106 0
1480 2107 0
1481 2092 14
1481 2093 15
1481 2094 0
1482 2105 0
1482 2106 0
1482 2107 0
1483 2108 0
1483 2109 14
1483 2110 0
1483 2111 15
1486 2095 0
1487 2095 0
1488 2112 0
1488 2113 0
1489 2096 14
1489 2097 15
1489 2098 0
1490 2114 0
1490 2115 0
1490 2116 0
1491 2096 14
1491 2097 15
1491 2098 0
1492 2114 0
1492 2115 0
1492 2116 0
1493 2117 0
1493 2118 14
1493 2119 0
1493 2120 15
1496 2099 0
1497 2099 0
1498 2121 0
1498 2122 0
1499 2100 14
1499 2101 15
1499 2102 0
1500 2123 0
1500 2124 0
1500 2125 0
1501 2100 14
1501 2101 15
1501 2102 0
1502 2123 0
1502 2124 0
1502 2125 0
1503 2126 0
1503 2127 14
1503 2128 0
1503 2129 15
1506 2130 0
1507 2131 14
1507 2132 15
1507 2133 0
1509 2134 0
1510 2135 14
1510 2136 15
1510 2137 0
1512 2138 0
1513 2139 14
1513 2140 15
1513 2141 0
1515 2130 0
1516 2130 0
1517 2142 0
1517 2143 0
1518 2131 14
1518 2132 15
1518 2133 0
1519 2144 0
1519 2145 0
1519 2146 0
1520 2131 14
1520 2132 15
1520 2133 0
1521 2144 0
1521 2145 0
1521 2146 0
1522 2147 0
1522 2148 14
1522 2149 0
1522 2150 15
1525 2134 0
1526 2134 0
1527 2151 0
1527 2152 0
1528 2135 14
1528 2136 15
1528 2137 0
1529 2153 0
1529 2154 0
1529 2155 0
1530 2135 14
1530 2136 15
1530 2137 0
1531 2153 0
1531 2154 0
1531 2155 0
1532 2156 0
1532 2157 14
1532 2158 0
1532 2159 15
1535 2138 0
1536 2138 0
1537 2160 0
1537 2161 0
1538 2139 14
1538 2140 15
1538 2141 0
1539 2162 0
1539 2163 0
1539 2164 0
1540 2139 14
1540 2140 15
1540 2141 0
1541 2162 0
1541 2163 0
1541 2164 0
1542 2165 0
1542 2166 14
1542 2167 0
1542 2168 15
1545 2169 0
1546 2170 14
1546 2171 15
1546 2172 0
1548 2173 0
1549 2174 14
1549 2175 15
1549 2176 0
1551 2177 0
1552 2178 14
1552 2179 15
1552 2180 0
1554 2169 0
1555 2169 0
1556 2181 0
1556 2182 0
1557 2170 14
1557 2171 15
1557 2172 0
1558 2183 0
1558 2184 0
1558 2185 0
1559 2170 14
1559 2171 15
1559 2172 0
1560 2183 0
1560 2184 0
1560 2185 0
1561 2186 0
1561 2187 14
1561 2188 0
1561 2189 15
1564 2173 0
1565 2173 0
1566 2190 0
1566 2191 0
1567 2174 14
1567 2175 15
1567 2176 0
1568 2192 0
1568 2193 0
1568 2194 0
1569 2174 14
1569 2175 15
1569 2176 0
1570 2192 0
1570 2193 0
1570 2194 0
1571 2195 0
1571 2196 14
1571 2197 0
1571 2198 15
1574 2177 0
1575 2177 0
1576 2199 0
1576 2200 0
1577 2178 14
1577 2179 15
1577 2180 0
1578 2201 0
1578 2202 0
1578 2203 0
1579 2178 14
1579 2179 15
1579 2180 0
1580 2201 0
1580 2202 0
1580 2203 0
1581 2204 0
1581 2205 14
1581 2206 0
1581 2207 15
1584 2208 0
1585 2209 14
1585 2210 15
1585 2211 0
1587 2212 0
1588 2213 14
1588 2214 15
1588 2215 0
1590 2216 0
1591 2217 14
1591 2218 15
1591 2219 0
1593 2208 0
1594 2208 0
1595 2220 0
1595 2221 0
1596 2209 14
1596 2210 15
1596 2211 0
1597 2222 0
1597 2223 0
1597 2224 0
1598 2209 14
1598 2210 15
1598 2211 0
1599 2222 0
1599 2223 0
1599 2224 0
1600 2225 0
1600 2226 14
1600 2227 0
1600 2228 15
1603 2212 0
1604 2212 0
1605 2229 0
1605 2230 0
1606 2213 14
1606 2214 15
1606 2215 0
1607 2231 0
1607 2232 0
1607 2233 0
1608 2213 14
1608 2214 15
1608 2215 0
1609 2231 0
1609 2232 0
1609 2233 0
1610 2234 0
1610 2235 14
1610 2236 0
1610 2237 15
1613 2216 0
1614 2216 0
1615 2238 0
1615 2239 0
1616 2217 14
1616 2218 15
1616 2219 0
1617 2240 0
1617 2241 0
1617 2242 0
1618 2217 14
1618 2218 15
1618 2219 0
1619 2240 0
1619 2241 0
1619 2242 0
1620 2243 0
1620 2244 14
1620 2245 0
1620 2246 15
1623 2247 0
1624 2248 14
1624 2249 15
1624 2250 0
1626 2251 0
1627 2252 14
1627 2253 15
1627 2254 0
1629 2255 0
1630 2256 14
1630 2257 15
1630 2258 0
1632 2247 0
1633 2247 0
1634 2259 0
1634 2260 0
1635 2248 14
1635 2249 15
1635 2250 0
1636 2261 0
1636 2262 0
1636 2263 0
1637 2248 14
1637 2249 15
1637 2250 0
1638 2261 0
1638 2262 0
1638 2263 0
1639 2264 0
1639 2265 14
1639 2266 0
1639 2267 15
1642 2251 0
1643 2251 0
1644 2268 0
1644 2269 0
1645 2252 14
1645 2253 15
1645 2254 0
1646 2270 0
1646 2271 0
1646 2272 0
1647 2252 14
1647 2253 15
1647 2254 0
1648 2270 0
1648 2271 0
1648 2272 0
1649 2273 0
1649 2274 14
1649 2275 0
1649 2276 15
1652 2255 0
1653 2255 0
1654 2277 0
1654 2278 0
1655 2256 14
1655 2257 15
1655 2258 0
1656 2279 0
1656 2280 0
1656 2281 0
1657 2256 14
1657 2257 15
1657 2258 0
1658 2279 0
1658 2280 0
1658 2281 0
1659 2282 0
1659 2283 14
1659 2284 0
1659 2285 15
1662 2286 0
1663 2287 14
1663 2288 15
1663 2289 0
1665 2290 0
1666 2291 14
1666 2292 15
1666 2293 0
1668 2294 0
1669 2295 14
1669 2296 15
1669 2297 0
1671 2286 0
1672 2286 0
1673 2298 0
1673 2299 0
1674 2287 14
1674 2288 15
1674 2289 0
1675 2300 0
1675 2301 0
1675 2302 0
1676 2287 14
1676 2288 15
1676 2289 0
1677 2300 0
1677 2301 0
1677 2302 0
1678 2303 0
1678 2304 14
1678 2305 0
1678 2306 15
1681 2290 0
1682 2290 0
1683 2307 0
1683 2308 0
1684 2291 14
1684 2292 15
1684 2293 0
1685 2309 0
1685 2310 0
1685 2311 0
1686 2291 14
1686 2292 15
1686 2293 0
1687 2309 0
1687 2310 0
1687 2311 0
1688 2312 0
1688 2313 14
1688 2314 0
1688 2315 15
1691 2294 0
1692 2294 0
1693 2316 0
1693 2317 0
1694 2295 14
1694 2296 15
1694 2297 0
1695 2318 0
1695 2319 0
1695 2320 0
1696 2295 14
1696 2296 15
1696 2297 0
1697 2318 0
1697 2319 0
1697 2320 0
1698 2321 0
1698 2322 14
1698 2323 0
1698 2324 15
1701 2325 0
1702 2326 14
1702 2327 15
1702 2328 0
1704 2329 0
1705 2330 14
1705 2331 15
1705 2332 0
1707 2333 0
1708 2334 14
1708 2335 15
1708 2336 0
1710 2325 0
1711 2325 0
1712 2337 0
1712 2338 0
1713 2326 14
1713 2327 15
1713 2328 0
1714 2339 0
1714 2340 0
1714 2341 0
1715 2326 14
1715 2327 15
1715 2328 0
1716 2339 0
1716 2340 0
1716 2341 0
1717 2342 0
1717 2343 14
1717 2344 0
1717 2345 15
1720 2329 0
1721 2329 0
1722 2346 0
1722 2347 0
1723 2330 14
1723 2331 15
1723 2332 0
1724 2348 0
1724 2349 0
1724 2350 0
1725 2330 14
1725 2331 15
1725 2332 0
1726 2348 0
1726 2349 0
1726 2350 0
1727 2351 0
1727 2352 14
1727 2353 0
1727 2354 15
1730 2333 0
1731 2333 0
1732 2355 0
1732 2356 0
1733 2334 14
1733 2335 15
1733 2336 0
1734 2357 0
1734 2358 0
1734 2359 0
1735 2334 14
1735 2335 15
1735 2336 0
1736 2357 0
1736 2358 0
1736 2359 0
1737 2360 0
1737 2361 14
1737 2362 0
1737 2363 15
1740 2364 0
1741 2365 14
1741 2366 15
1741 2367 0
1743 2368 0
1744 2369 14
1744 2370 15
1744 2371 0
1746 2372 0
1747 2373 14
1747 2374 15
1747 2375 0
1749 2364 0
1750 2364 0
1751 2376 0
1751 2377 0
1752 2365 14
1752 2366 15
1752 2367 0
1753 2378 0
1753 2379 0
1753 2380 0
1754 2365 14
1754 2366 15
1754 2367 0
1755 2378 0
1755 2379 0
1755 2380 0
1756 2381 0
1756 2382 14
1756 2383 0
1756 2384 15
1759 2368 0
1760 2368 0
1761 2385 0
1761 2386 0
1762 2369 14
1762 2370 15
1762 2371 0
1763 2387 0
1763 2388 0
1763 2389 0
1764 2369 14
1764 2370 15
1764 2371 0
1765 2387 0
1765 2388 0
1765 2389 0
1766 2390 0
1766 2391 14
1766 2392 0
1766 2393 15
1769 2372 0
1770 2372 0
1771 2394 0
1771 2395 0
1772 2373 14
1772 2374 15
1772 2375 0
1773 2396 0
1773 2397 0
1773 2398 0
1774 2373 14
1774 2374 15
1774 2375 0
1775 2396 0
1775 2397 0
1775 2398 0
1776 2399 0
1776 2400 14
1776 2401 0
1776 2402 15
1779 2403 0
1780 2404 14
1780 2405 15
1780 2406 0
1782 2407 0
1783 2408 14
1783 2409 15
1783 2410 0
1785 2411 0
1786 2412 14
1786 2413 15
1786 2414 0
1788 2403 0
1789 2403 0
1790 2415 0
1790 2416 0
1791 2404 14
1791 2405 15
1791 2406 0
1792 2417 0
1792 2418 0
1792 2419 0
1793 2404 14
1793 2405 15
1793 2406 0
1794 2417 0
1794 2418 0
1794 2419 0
1795 2420 0
1795 2421 14
1795 2422 0
1795 2423 15
1798 2407 0
1799 2407 0
1800 2424 0
1800 2425 0
1801 2408 14
1801 2409 15
1801 2410 0
1802 2426 0
1802 2427 0
1802 2428 0
1803 2408 14
1803 2409 15
1803 2410 0
1804 2426 0
1804 2427 0
1804 2428 0
1805 2429 0
1805 2430 14
1805 2431 0
1805 2432 15
1808 2411 0
1809 2411 0
1810 2433 0
1810 2434 0
1811 2412 14
1811 2413 15
1811 2414 0
1812 2435 0
1812 2436 0
1812 2437 0
1813 2412 14
1813 2413 15
1813 2414 0
1814 2435 0
1814 2436 0
1814 2437 0
1815 2438 0
1815 2439 14
1815 2440 0
1815 2441 15
1818 2442 0
1819 2443 14
1819 2444 15
1819 2445 0
1821 2446 0
1822 2447 14
1822 2448 15
1822 2449 0
1824 2450 0
1825 2451 14
1825 2452 15
1825 2453 0
1827 2442 0
1828 2442 0
1829 2454 0
1829 2455 0
1830 2443 14
1830 2444 15
1830 2445 0
1831 2456 0
1831 2457 0
1831 2458 0
1832 2443 14
1832 2444 15
1832 2445 0
1833 2456 0
1833 2457 0
1833 2458 0
1834 2459 0
1834 2460 14
1834 2461 0
1834 2462 15
1837 2446 0
1838 2446 0
1839 2463 0
1839 2464 0
1840 2447 14
1840 2448 15
1840 2449 0
1841 2465 0
1841 2466 0
1841 2467 0
1842 2447 14
1842 2448 15
1842 2449 0
1843 2465 0
1843 2466 0
1843 2467 0
1844 2468 0
1844 2469 14
1844 2470 0
1844 2471 15
1847 2450 0
1848 2450 0
1849 2472 0
1849 2473 0
1850 2451 14
1850 2452 15
1850 2453 0
1851 2474 0
1851 2475 0
1851 2476 0
1852 2451 14
1852 2452 15
1852 2453 0
1853 2474 0
1853 2475 0
1853 2476 0
1854 2477 0
1854 2478 14
1854 2479 0
1854 2480 15
1857 2481 0
1858 2482 14
1858 2483 15
1858 2484 0
1860 2485 0
1861 2486 14
1861 2487 15
1861 2488 0
1863 2489 0
1864 2490 14
1864 2491 15
1864 2492 0
1866 2481 0
1867 2481 0
1868 2493 0
1868 2494 0
1869 2482 14
1869 2483 15
1869 2484 0
1870 2495 0
1870 2496 0
1870 2497 0
1871 2482 14
1871 2483 15
1871 2484 0
1872 2495 0
1872 2496 0
1872 2497 0
1873 2498 0
1873 2499 14
1873 2500 0
1873 2501 15
1876 2485 0
1877 2485 0
1878 2502 0
1878 2503 0
1879 2486 14
1879 2487 15
1879 2488 0
1880 2504 0
1880 2505 0
1880 2506 0
1881 2486 14
1881 2487 15
1881 2488 0
1882 2504 0
1882 2505 0
1882 2506 0
1883 2507 0
1883 2508 14
1883 2509 0
1883 2510 15
1886 2489 0
1887 2489 0
1888 2511 0
1888 2512 0
1889 2490 14
1889 2491 15
1889 2492 0
1890 2513 0
1890 2514 0
1890 2515 0
1891 2490 14
1891 2491 15
1891 2492 0
1892 2513 0
1892 2514 0
1892 2515 0
1893 2516 0
1893 2517 14
1893 2518 0
1893 2519 15
1896 2520 0
1897 2521 14
1897 2522 15
1897 2523 0
1899 2524 0
1900 2525 14
1900 2526 15
1900 2527 0
1902 2528 0
1903 2529 14
1903 2530 15
1903 2531 0
1905 2520 0
1906 2520 0
1907 2532 0
1907 2533 0
1908 2521 14
1908 2522 15
1908 2523 0
1909 2534 0
1909 2535 0
1909 2536 0
1910 2521 14
1910 2522 15
1910 2523 0
1911 2534 0
1911 2535 0
1911 2536 0
1912 2537 0
1912 2538 14
1912 2539 0
1912 2540 15
1915 2524 0
1916 2524 0
1917 2541 0
1917 2542 0
1918 2525 14
1918 2526 15
1918 2527 0
1919 2543 0
1919 2544 0
1919 2545 0
1920 2525 14
1920 2526 15
1920 2527 0
1921 2543 0
1921 2544 0
1921 2545 0
1922 2546 0
1922 2547 14
1922 2548 0
1922 2549 15
1925 2528 0
1926 2528 0
1927 2550 0
1927 2551 0
1928 2529 14
1928 2530 15
1928 2531 0
1929 2552 0
1929 2553 0
1929 2554 0
1930 2529 14
1930 2530 15
1930 2531 0
1931 2552 0
1931 2553 0
1931 2554 0
1932 2555 0
1932 2556 14
1932 2557 0
1932 2558 15
1935 2559 0
1936 2560 14
1936 2561 15
1936 2562 0
1938 2563 0
1939 2564 14
1939 2565 15
1939 2566 0
1941 2567 0
1942 2568 14
1942 2569 15
1942 2570 0
1944 2559 0
1945 2559 0
1946 2571 0
1946 2572 0
1947 2560 14
1947 2561 15
1947 2562 0
1948 2573 0
1948 2574 0
1948 2575 0
1949 2560 14
1949 2561 15
1949 2562 0
1950 2573 0
1950 2574 0
1950 2575 0
1951 2576 0
1951 2577 14
1951 2578 0
1951 2579 15
1954 2563 0
1955 2563 0
1956 2580 0
1956 2581 0
1957 2564 14
1957 2565 15
1957 2566 0
1958 2582 0
1958 2583 0
1958 2584 0
1959 2564 14
1959 2565 15
1959 2566 0
1960 2582 0
1960 2583 0
1960 2584 0
1961 2585 0
1961 2586 14
1961 2587 0
1961 2588 15
1964 2567 0
1965 2567 0
1966 2589 0
1966 2590 0
1967 2568 14
1967 2569 15
1967 2570 0
1968 2591 0
1968 2592 0
1968 2593 0
1969 2568 14
1969 2569 15
1969 2570 0
1970 2591 0
1970 2592 0
1970 2593 0
1971 2594 0
1971 2595 14
1971 2596 0
1971 2597 15
1974 2598 0
1975 2599 14
1975 2600 15
1975 2601 0
1977 2602 0
1978 2603 14
1978 2604 15
1978 2605 0
1980 2606 0
1981 2607 14
1981 2608 15
1981 2609 0
1983 2598 0
1984 2598 0
1985 2610 0
1985 2611 0
1986 2599 14
1986 2600 15
1986 2601 0
1987 2612 0
1987 2613 0
1987 2614 0
1988 2599 14
1988 2600 15
1988 2601 0
1989 2612 0
1989 2613 0
1989 2614 0
1990 2615 0
1990 2616 14
1990 2617 0
1990 2618 15
1993 2602 0
1994 2602 0
1995 2619 0
1995 2620 0
1996 2603 14
1996 2604 15
1996 2605 0
1997 2621 0
1997 2622 0
1997 2623 0
1998 2603 14
1998 2604 15
1998 2605 0
1999 2621 0
1999 2622 0
1999 2623 0
2000 2624 0
2000 2625 14
2000 2626 0
2000 2627 15
2003 2606 0
2004 2606 0
2005 2628 0
2005 2629 0
2006 2607 14
2006 2608 15
2006 2609 0
2007 2630 0
2007 2631 0
2007 2632 0
2008 2607 14
2008 2608 15
2008 2609 0
2009 2630 0
2009 2631 0
2009 2632 0
2010 2633 0
2010 2634 14
2010 2635 0
2010 2636 15
2014 2637 0
2015 2637 0
2016 2638 14
2016 2639 15
2018 2640 0
2019 2640 0
2020 2641 14
2020 2642 15
2022 2643 0
2023 2643 0
2024 2644 14
2024 2645 15
2027 2637 0
2028 2637 0
2029 2646 0
2029 2647 0
2030 2638 14
2030 2639 15
2031 2646 0
2031 2647 0
2032 2638 14
2032 2639 15
2033 2646 0
2033 2647 0
2036 2640 0
2037 2640 0
2038 2648 0
2038 2649 0
2039 2641 14
2039 2642 15
2040 2648 0
2040 2649 0
2041 2641 14
2041 2642 15
2042 2648 0
2042 2649 0
2045 2643 0
2046 2643 0
2047 2650 0
2047 2651 0
2048 2644 14
2048 2645 15
2049 2650 0
2049 2651 0
2050 2644 14
2050 2645 15
2051 2650 0
2051 2651 0
2053 2652 0
2054 2652 0
2055 2653 14
2055 2654 15
2057 2655 0
2058 2655 0
2059 2656 14
2059 2657 15
2061 2658 0
2062 2658 0
2063 2659 14
2063 2660 15
2066 2652 0
2067 2652 0
2068 2661 0
2068 2662 0
2069 2653 14
2069 2654 15
2070 2661 0
2070 2662 0
2071 2653 14
2071 2654 15
2072 2661 0
2072 2662 0
2075 2655 0
2076 2655 0
2077 2663 0
2077 2664 0
2078 2656 14
2078 2657 15
2079 2663 0
2079 2664 0
2080 2656 14
2080 2657 15
2081 2663 0
2081 2664 0
2084 2658 0
2085 2658 0
2086 2665 0
2086 2666 0
2087 2659 14
2087 2660 15
2088 2665 0
2088 2666 0
2089 2659 14
2089 2660 15
2090 2665 0
2090 2666 0
2092 2667 0
2093 2667 0
2094 2668 14
2094 2669 15
2096 2670 0
2097 2670 0
2098 2671 14
2098 2672 15
2100 2673 0
2101 2673 0
2102 2674 14
2102 2675 15
2105 2667 0
2106 2667 0
2107 2676 0
2107 2677 0
2108 2668 14
2108 2669 15
2109 2676 0
2109 2677 0
2110 2668 14
2110 2669 15
2111 2676 0
2111 2677 0
2114 2670 0
2115 2670 0
2116 2678 0
2116 2679 0
2117 2671 14
2117 2672 15
2118 2678 0
2118 2679 0
2119 2671 14
2119 2672 15
2120 2678 0
2120 2679 0
2123 2673 0
2124 2673 0
2125 2680 0
2125 2681 0
2126 2674 14
2126 2675 15
2127 2680 0
2127 2681 0
2128 2674 14
2128 2675 15
2129 2680 0
2129 2681 0
2131 2682 0
2132 2682 0
2133 2683 14
2133 2684 15
2135 2685 0
2136 2685 0
2137 2686 14
2137 2687 15
2139 2688 0
2140 2688 0
2141 2689 14
2141 2690 15
2144 2682 0
2145 2682 0
2146 2691 0
2146 2692 0
2147 2683 14
2147 2684 15
2148 2691 0
2148 2692 0
2149 2683 14
2149 2684 15
2150 2691 0
2150 2692 0
2153 2685 0
2154 2685 0
2155 2693 0
2155 2694 0
2156 2686 14
2156 2687 15
2157 2693 0
2157 2694 0
2158 2686 14
2158 2687 15
2159 2693 0
2159 2694 0
2162 2688 0
2163 2688 0
2164 2695 0
2164 2696 0
2165 2689 14
2165 2690 15
2166 2695 0
2166 2696 0
2167 2689 14
2167 2690 15
2168 2695 0
2168 2696 0
2170 2697 0
2171 2697 0
2172 2698 14
2172 2699 15
2174 2700 0
2175 2700 0
2176 2701 14
2176 2702 15
2178 2703 0
2179 2703 0
2180 2704 14
2180 2705 15
2183 2697 0
2184 2697 0
2185 2706 0
2185 2707 0
2186 2698 14
2186 2699 15
2187 2706 0
2187 2707 0
2188 2698 14
2188 2699 15
2189 2706 0
2189 2707 0
2192 2700 0
2193 2700 0
2194 2708 0
2194 2709 0
2195 2701 14
2195 2702 15
2196 2708 0
2196 2709 0
2197 2701 14
2197 2702 15
2198 2708 0
2198 2709 0
2201 2703 0
2202 2703 0
2203 2710 0
2203 2711 0
2204 2704 14
2204 2705 15
2205 2710 0
2205 2711 0
2206 2704 14
2206 2705 15
2207 2710 0
2207 2711 0
2209 2712 0
2210 2712 0
2211 2713 14
2211 2714 15
2213 2715 0
2214 2715 0
2215 2716 14
2215 2717 15
2217 2718 0
2218 2718 0
2219 2719 14
2219 2720 15
2222 2712 0
2223 2712 0
2224 2721 0
2224 2722 0
2225 2713 14
2225 2714 15
2226 2721 0
2226 2722 0
2227 2713 14
2227 2714 15
2228 2721 0
2228 2722 0
2231 2715 0
2232 2715 0
2233 2723 0
2233 2724 0
2234 2716 14
2234 2717 15
2235 2723 0
2235 2724 0
2236 2716 14
2236 2717 15
2237 2723 0
2237 2724 0
2240 2718 0
2241 2718 0
2242 2725 0
2242 2726 0
2243 2719 14
2243 2720 15
2244 2725 0
2244 2726 0
2245 2719 14
2245 2720 15
2246 2725 0
2246 2726 0
2248 2727 0
2249 2727 0
2250 2728 14
2250 2729 15
2252 2730 0
2253 2730 0
2254 2731 14
2254 2732 15
2256 2733 0
2257 2733 0
2258 2734 14
2258 2735 15
2261 2727 0
2262 2727 0
2263 2736 0
2263 2737 0
2264 2728 14
2264 2729 15
2265 2736 0
2265 2737 0
2266 2728 14
2266 2729 15
2267 2736 0
2267 2737 0
2270 2730 0
2271 2730 0
2272 2738 0
2272 2739 0
2273 2731 14
2273 2732 15
2274 2738 0
2274 2739 0
2275 2731 14
2275 2732 15
2276 2738 0
2276 2739 0
2279 2733 0
2280 2733 0
2281 2740 0
2281 2741 0
2282 2734 14
2282 2735 15
2283 2740 0
2283 2741 0
2284 2734 14
2284 2735 15
2285 2740 0
2285 2741 0
2287 2742 0
2288 2742 0
2289 2743 14
2289 2744 15
2291 2745 0
2292 2745 0
2293 2746 14
2293 2747 15
2295 2748 0
2296 2748 0
2297 2749 14
2297 2750 15
2300 2742 0
2301 2742 0
2302 2751 0
2302 2752 0
2303 2743 14
2303 2744 15
2304 2751 0
2304 2752 0
2305 2743 14
2305 2744 15
2306 2751 0
2306 2752 0
2309 2745 0
2310 2745 0
2311 2753 0
2311 2754 0
2312 2746 14
2312 2747 15
2313 2753 0
2313 2754 0
2314 2746 14
2314 2747 15
2315 2753 0
2315 2754 0
2318 2748 0
2319 2748 0
2320 2755 0
2320 2756 0
2321 2749 14
2321 2750 15
2322 2755 0
2322 2756 0
2323 2749 14
2323 2750 15
2324 2755 0
2324 2756 0
2326 2757 0
2327 2757 0
2328 2758 14
2328 2759 15
2330 2760 0
2331 2760 0
2332 2761 14
2332 2762 15
2334 2763 0
2335 2763 0
2336 2764 14
2336 2765 15
2339 2757 0
2340 2757 0
2341 2766 0
2341 2767 0
2342 2758 14
2342 2759 15
2343 2766 0
2343 2767 0
2344 2758 14
2344 2759 15
2345 2766 0
2345 2767 0
2348 2760 0
2349 2760 0
2350 2768 0
2350 2769 0
2351 2761 14
2351 2762 15
2352 2768 0
2352 2769 0
2353 2761 14
2353 2762 15
2354 2768 0
2354 2769 0
2357 2763 0
2358 2763 0
2359 2770 0
2359 2771 0
2360 2764 14
2360 2765 15
2361 2770 0
2361 2771 0
2362 2764 14
2362 2765 15
2363 2770 0
2363 2771 0
2365 2772 0
2366 2772 0
2367 2773 14
2367 2774 15
2369 2775 0
2370 2775 0
2371 2776 14
2371 2777 15
2373 2778 0
2374 2778 0
2375 2779 14
2375 2780 15
2378 2772 0
2379 2772 0
2380 2781 0
2380 2782 0
2381 2773 14
2381 2774 15
2382 2781 0
2382 2782 0
2383 2773 14
2383 2774 15
2384 2781 0
2384 2782 0
2387 2775 0
2388 2775 0
2389 2783 0
2389 2784 0
2390 2776 14
2390 2777 15
2391 2783 0
2391 2784 0
2392 2776 14
2392 2777 15
2393 2783 0
2393 2784 0
2396 2778 0
2397 2778 0
2398 2785 0
2398 2786 0
2399 2779 14
2399 2780 15
2400 2785 0
2400 2786 0
2401 2779 14
2401 2780 15
2402 2785 0
2402 2786 0
2404 2787 0
2405 2787 0
2406 2788 14
2406 2789 15
2408 2790 0
2409 2790 0
2410 2791 14
2410 2792 15
2412 2793 0
2413 2793 0
2414 2794 14
2414 2795 15
2417 2787 0
2418 2787 0
2419 2796 0
2419 2797 0
2420 2788 14
2420 2789 15
2421 2796 0
2421 2797 0
2422 2788 14
2422 2789 15
2423 2796 0
2423 2797 0
2426 2790 0
2427 2790 0
2428 2798 0
2428 2799 0
2429 2791 14
2429 2792 15
2430 2798 0
2430 2799 0
2431 2791 14
2431 2792 15
2432 2798 0
2432 2799 0
2435 2793 0
2436 2793 0
2437 2800 0
2437 2801 0
2438 2794 14
2438 2795 15
2439 2800 0
2439 2801 0
2440 2794 14
2440 2795 15
2441 2800 0
2441 2801 0
2443 2802 0
2444 2802 0
2445 2803 14
2445 2804 15
2447 2805 0
2448 2805 0
2449 2806 14
2449 2807 15
2451 2808 0
2452 2808 0
2453 2809 14
2453 2810 15
2456 2802 0
2457 2802 0
2458 2811 0
2458 2812 0
2459 2803 14
2459 2804 15
2460 2811 0
2460 2812 0
2461 2803 14
2461 2804 15
2462 2811 0
2462 2812 0
2465 2805 0
2466 2805 0
2467 2813 0
2467 2814 0
2468 2806 14
2468 2807 15
2469 2813 0
2469 2814 0
2470 2806 14
2470 2807 15
2471 2813 0
2471 2814 0
2474 2808 0
2475 2808 0
2476 2815 0
2476 2816 0
2477 2809 14
2477 2810 15
2478 2815 0
2478 2816 0
2479 2809 14
2479 2810 15
2480 2815 0
2480 2816 0
2482 2817 0
2483 2817 0
2484 2818 14
2484 2819 15
2486 2820 0
2487 2820 0
2488 2821 14
2488 2822 15
2490 2823 0
2491 2823 0
2492 2824 14
2492 2825 15
2495 2817 0
2496 2817 0
2497 2826 0
2497 2827 0
2498 2818 14
2498 2819 15
2499 2826 0
2499 2827 0
2500 2818 14
2500 2819 15
2501 2826 0
2501 2827 0
2504 2820 0
2505 2820 0
2506 2828 0
2506 2829 0
2507 2821 14
2507 2822 15
2508 2828 0
2508 2829 0
2509 2821 14
2509 2822 15
2510 2828 0
2510 2829 0
2513 2823 0
2514 2823 0
2515 2830 0
2515 2831 0
2516 2824 14
2516 2825 15
2517 2830 0
2517 2831 0
2518 2824 14
2518 2825 15
2519 2830 0
2519 2831 0
2521 2832 0
2522 2832 0
2523 2833 14
2523 2834 15
2525 2835 0
2526 2835 0
2527 2836 14
2527 2837 15
2529 2838 0
2530 2838 0
2531 2839 14
2531 2840 15
2534 2832 0
2535 2832 0
2536 2841 0
2536 2842 0
2537 2833 14
2537 2834 15
2538 2841 0
2538 2842 0
2539 2833 14
2539 2834 15
2540 2841 0
2540 2842 0
2543 2835 0
2544 2835 0
2545 2843 0
2545 2844 0
2546 2836 14
2546 2837 15
2547 2843 0
2547 2844 0
2548 2836 14
2548 2837 15
2549 2843 0
2549 2844 0
2552 2838 0
2553 2838 0
2554 2845 0
2554 2846 0
2555 2839 14
2555 2840 15
2556 2845 0
2556 2846 0
2557 2839 14
2557 2840 15
2558 2845 0
2558 2846 0
2560 2847 0
2561 2847 0
2562 2848 14
2562 2849 15
2564 2850 0
2565 2850 0
2566 2851 14
2566 2852 15
2568 2853 0
2569 2853 0
2570 2854 14
2570 2855 15
2573 2847 0
2574 2847 0
2575 2856 0
2575 2857 0
2576 2848 14
2576 2849 15
2577 2856 0
2577 2857 0
2578 2848 14
2578 2849 15
2579 2856 0
2579 2857 0
2582 2850 0
2583 2850 0
2584 2858 0
2584 2859 0
2585 2851 14
2585 2852 15
2586 2858 0
2586 2859 0
2587 2851 14
2587 2852 15
2588 2858 0
2588 2859 0
2591 2853 0
2592 2853 0
2593 2860 0
2593 2861 0
2594 2854 14
2594 2855 15
2595 2860 0
2595 2861 0
2596 2854 14
2596 2855 15
2597 2860 0
2597 2861 0
2599 2862 0
2600 2862 0
2601 2863 14
2601 2864 15
2603 2865 0
2604 2865 0
2605 2866 14
2605 2867 15
2607 2868 0
2608 2868 0
2609 2869 14
2609 2870 15
2612 2862 0
2613 2862 0
2614 2871 0
2614 2872 0
2615 2863 14
2615 2864 15
2616 2871 0
2616 2872 0
2617 2863 14
2617 2864 15
2618 2871 0
2618 2872 0
2621 2865 0
2622 2865 0
2623 2873 0
2623 2874 0
2624 2866 14
2624 2867 15
2625 2873 0
2625 2874 0
2626 2866 14
2626 2867 15
2627 2873 0
2627 2874 0
2630 2868 0
2631 2868 0
2632 2875 0
2632 2876 0
2633 2869 14
2633 2870 15
2634 2875 0
2634 2876 0
2635 2869 14
2635 2870 15
2636 2875 0
2636 2876 0
98
1 0
2 1 2
3 3 5 7
3 8 4 6
10 32 9 11 13 14 45 48 21 22 29
10 37 40 10 12 17 18 53 56 25 26
10 33 65 77 46 15 49 81 23 61 30
10 34 66 78 47 16 50 82 24 62 31
10 89 69 38 41 73 19 85 54 57 27
10 90 70 39 42 74 20 86 55 58 28
10 67 35 101 103 79 51 83 93 95 63
10 64 96 36 68 102 104 80 52 84 94
10 97 99 71 105 91 75 43 107 87 59
10 98 100 72 106 44 76 108 92 88 60
8 129 109 141 111 145 117 119 125
8 131 110 143 112 147 118 120 127
8 153 133 137 113 115 149 121 123
8 135 139 114 116 151 122 155 124
4 130 157 126 159
4 128 132 158 160
4 161 138 163 134
4 136 162 164 140
4 146 165 142 167
4 144 148 166 168
4 169 154 171 150
4 152 170 172 156
38 642 643 644 1036 1037 288 298 299 300 173 301 175 302 189 190 576 577 194 578 324 966 201 202 206 334 335 336 337 338 594 595 596 982 983 624 625 626 1020
38 648 649 650 1047 666 667 668 1063 1064 174 176 306 316 317 318 319 320 195 196 200 207 208 212 342 600 601 602 352 353 354 355 356 993 618 619 620 1009 1010
38 396 406 407 408 409 410 672 673 674 177 690 179 691 692 1074 1090 1091 720 721 722 213 214 218 225 226 738 739 740 230 360 1128 370 371 372 373 374 1144 1145
38 1155 388 389 390 391 392 1171 1172 414 424 425 426 427 428 178 180 696 697 698 714 715 716 1101 219 220 1117 1118 224 762 231 232 744 745 746 236 378 763 764
38 768 769 770 786 787 788 1182 1198 1199 432 816 817 818 181 183 442 443 444 445 446 834 835 836 468 1236 478 479 480 481 482 1252 1253 237 238 242 249 250 254
38 256 1280 260 792 793 794 1279 810 811 812 182 184 1209 450 840 841 842 1225 460 461 462 463 464 1226 858 859 860 486 1263 496 497 498 243 244 499 500 248 255
38 514 515 516 261 262 517 518 266 1290 912 273 274 913 914 278 1306 1307 540 930 931 932 550 551 552 553 554 185 187 1344 1360 1361 864 865 866 882 883 884 504
38 522 267 268 906 907 908 272 532 533 534 535 536 279 280 284 1317 936 937 938 558 1333 1334 568 569 186 570 188 571 572 954 955 956 1371 1387 1388 888 889 890
120 1025 1026 1027 1030 1031 1032 1035 573 574 575 579 580 581 582 583 584 585 586 587 588 589 590 591 592 593 621 622 623 627 628 629 630 631 632 633 634 635 636 637 638 639 640 641 191 192 193 203 204 205 285 286 287 289 290 291 292 293 294 295 296 297 321 322 323 325 326 327 328 329 330 331 332 333 1391 1394 1397 1406 1407 1416 1417 1426 1427 957 958 959 960 961 962 963 964 965 1469 967 968 1472 1475 971 972 973 1484 1485 976 977 978 981 1494 1495 1504 1505 1011 1012 1013 1014 1015 1016 1017 1018 1019 1021 1022
120 1543 1544 1038 1039 1040 1041 1042 1043 1044 1045 1046 1048 1049 1052 1053 1054 1057 1058 1059 1062 597 598 599 603 604 605 606 607 608 609 610 611 612 613 614 615 616 617 645 646 647 651 652 653 654 655 656 657 658 659 660 661 662 663 664 665 197 198 199 209 210 211 303 304 305 307 308 309 310 311 312 313 314 315 339 340 341 343 344 345 346 347 348 349 350 351 1430 1433 1436 1445 1446 1455 1456 1465 1466 984 985 986 987 988 989 990 991 992 994 995 1508 998 999 1000 1511 1514 1003 1004 1005 1008 1523 1524 1533 1534
120 1547 1550 1553 1562 1563 1572 1573 1065 1066 1067 1068 1069 1070 1071 1072 1073 1582 1075 1076 1583 1079 1080 1081 1084 1085 1086 1089 1625 1628 1119 1120 1121 1122 1123 1124 1125 1126 1127 1631 1129 1130 1640 1641 1133 1134 1135 1138 1139 1140 1650 1651 1143 1660 1661 669 670 671 675 676 677 678 679 680 681 682 683 684 685 686 687 688 689 717 718 719 723 724 725 726 215 216 217 727 728 729 730 731 732 733 734 735 227 228 229 736 737 357 358 359 361 362 363 364 365 366 367 368 369 393 394 395 397 398 399 400 401 402 403 404 405
120 1586 1589 1592 1601 1602 1092 1093 1094 1095 1096 1097 1098 1099 1100 1611 1102 1103 1612 1106 1107 1108 1621 1622 1111 1112 1113 1116 1146 1147 1148 1149 1150 1151 1152 1153 1154 1664 1156 1157 1667 1670 1160 1161 1162 1165 1166 1167 1679 1680 1170 1689 1690 1699 1700 693 694 695 699 700 701 702 703 704 705 706 707 708 709 710 711 712 713 221 222 223 741 742 743 233 234 235 747 748 749 750 751 752 753 754 755 756 757 759 760 761 758 375 376 377 379 380 381 382 383 384 385 386 387 411 412 413 415 416 417 418 419 420 421 422 423
120 1173 1174 1175 1176 1177 1178 1179 1180 1181 1183 1184 1187 1188 1189 1703 1192 1193 1194 1706 1197 1709 1718 1719 1728 1729 1738 1227 1228 1229 1230 1231 1232 1233 1234 1235 1739 1237 1238 1241 1242 1243 1246 1247 1248 1251 239 240 241 1781 1784 251 252 765 253 766 767 1787 771 772 773 774 775 776 777 778 779 780 781 782 783 784 785 1806 1807 1816 1817 813 814 815 819 820 821 822 823 824 825 826 827 828 829 830 831 832 833 1796 1797 429 430 431 433 434 435 436 437 438 439 440 441 465 466 467 469 470 471 472 473 474 475 476 477
120 1200 1201 1202 1203 1204 1205 1206 1207 1208 1210 1211 1214 1215 1216 1768 1219 1220 1221 1224 1742 1745 1748 1757 1758 1254 1255 1256 1257 1258 1259 1260 1261 1262 1767 1264 1265 1777 1778 1268 245 246 247 1269 1270 1273 1274 1275 1278 257 258 259 789 790 791 795 796 797 798 799 800 801 802 803 804 805 806 807 808 809 1826 1835 1836 1845 1846 1855 1856 837 838 839 843 844 845 846 847 848 849 850 851 852 853 854 855 856 857 447 448 449 451 452 453 454 455 456 457 458 459 1820 1823 483 484 485 487 488 489 490 491 492 493 494 495
120 512 513 537 538 539 541 542 543 544 545 546 547 548 549 1940 1943 1281 1282 1283 1284 1285 1286 263 264 265 1287 1288 1289 1292 1291 1295 1296 1297 275 276 277 1300 1301 1302 1305 1335 1336 1337 1338 1339 1340 1341 1342 1343 1894 1345 1346 1859 1895 1349 1350 1351 1862 1865 1354 1355 1356 1359 1874 1875 1884 861 862 863 1885 867 868 869 870 871 872 873 874 875 876 877 878 879 880 881 909 910 911 1937 915 916 917 918 919 920 921 922 923 924 925 926 927 928 929 1952 1953 1962 1963 1972 1973 501 502 503 505 506 507 508 509 510 511
120 519 520 521 523 524 525 526 527 528 529 530 531 555 556 557 559 560 561 562 563 564 565 566 567 269 270 271 281 282 283 1308 1309 1310 1311 1312 1313 1314 1315 1316 1318 1319 1322 1323 1324 1327 1328 1329 1332 1362 1363 1364 1365 1366 1367 1368 1369 1370 1372 1373 1376 1377 1378 1381 1382 1383 1386 1898 1901 1904 885 886 887 1913 1914 891 892 893 894 895 896 897 898 899 900 901 902 903 904 905 1923 1924 1933 1934 933 934 935 939 940 941 942 943 944 945 946 947 948 949 950 951 952 953 1976 1979 1982 1991 1992 2001 2002 2011 2012
12 1473 1028 969 1033 1389 974 1392 979 1395 1467 1470 1023
48 1024 2048 2050 1411 1029 1413 1415 1034 1421 1423 1425 2041 2094 2098 2102 1468 2108 2110 1471 1474 2117 1479 2119 1481 970 1483 2126 975 2128 1489 1491 980 1493 1499 1501 1503 2016 2020 2024 1390 2030 2032 1393 1396 2039 1401 1403 1405
12 1506 996 1060 1509 1512 1001 1006 1434 1428 1431 1050 1055
48 1538 1540 1542 2055 2059 2063 1429 2069 2071 1432 1435 1051 2078 1056 1440 1442 2080 1444 1061 2087 2089 1450 1452 1454 1460 1462 1464 2133 2137 2141 1507 2147 997 1510 2149 1513 1002 2156 1518 1007 1520 2158 1522 2165 2167 1528 1530 1532
12 1545 1131 1548 1551 1136 1077 1141 1623 1626 1082 1629 1087
48 2176 2180 1546 2186 2188 1549 1552 2195 1557 2197 1559 1561 2204 2206 1567 1569 1571 1577 1579 1581 1078 1083 1088 2250 2254 2258 1624 2264 2266 1627 1630 2273 1635 2275 1637 1639 2282 1132 1645 2284 1647 1137 1649 1142 1655 1657 1659 2172
12 1665 1668 1158 1163 1104 1168 1584 1587 1109 1590 1114 1662
48 2305 1666 1669 1159 2312 1674 2314 1164 1676 1678 1169 2321 2323 1684 1686 1688 1694 1696 1698 2211 2215 2219 1585 2225 2227 1588 1591 2234 1596 2236 1598 1600 2243 2303 2245 1606 1608 1610 1616 1105 1618 1620 1110 1115 2289 2293 2297 1663
12 1185 1249 1701 1190 1704 1195 1707 1779 1782 1239 1785 1244
48 1793 1795 2438 2440 1801 1803 1805 1811 1813 1815 2328 2332 2336 1186 1702 1191 2342 1705 2344 1196 1708 2351 1713 2353 1715 1717 2360 2362 1723 1725 1727 1733 1735 2431 1737 1240 1245 1250 2406 2410 2414 1780 2420 2422 1783 1786 2429 1791
12 1824 1217 1222 1740 1743 1266 1746 1276 1271 1818 1212 1821
48 2445 2449 2453 1819 2459 2461 1822 1825 2468 1830 2470 1832 1834 2477 2479 1840 1842 1844 1850 1852 1213 1854 2367 1218 2371 1223 2375 1741 2381 2383 1744 1747 2390 1752 2392 1754 1756 2399 2401 1762 1764 1766 1772 1774 1776 1267 1272 1277
12 1857 1347 1860 1863 1352 1293 1357 1935 1298 1938 1941 1303
48 2562 2566 2570 1294 1936 2576 2578 1299 1939 1942 1304 2585 1947 2587 1949 1951 2594 2596 1957 1959 1961 1967 1969 1971 2484 2488 2492 1858 2498 1348 1861 2500 1864 1353 2507 1869 1358 1871 2509 1873 2516 2518 1879 1881 1883 1889 1891 1893
12 1379 1320 1384 1896 1899 1325 1902 1330 1974 1977 1980 1374
48 1920 1922 1928 1930 1932 1321 2601 2605 1326 2609 1331 1975 2615 2617 1978 1981 2624 1986 2626 1988 1990 2633 2635 1996 1998 2000 2006 2008 2010 2523 1375 2527 2531 1380 1385 1897 2537 1900 2539 1903 2546 1908 2548 1910 1912 2555 2557 1918
36 1408 1409 1410 1418 1419 1420 2091 2095 2099 2103 2104 2112 2113 1476 1477 1478 2121 2122 1486 1487 1488 1496 1497 1498 2013 2017 2021 2025 2026 2034 2035 1398 1399 1400 2043 2044
12 2049 2018 1412 2022 1422 2031 2638 2641 2644 2040 1402 2014
24 2051 1414 1424 2093 2097 2101 2111 2120 1482 2639 2129 2642 1492 2645 1502 2015 2019 2023 2669 2672 2033 2675 2042 1404
36 1536 1537 2052 2056 2060 2064 2065 2073 2074 1437 1438 1439 2082 2083 1447 1448 1449 1457 1458 1459 2130 2134 2138 2142 2143 2151 2152 1515 1516 1517 2160 2161 1525 1526 1527 1535
12 2656 1441 2659 2053 2088 2057 1451 2061 1461 2070 2653 2079
24 2690 1541 2054 2058 2062 2072 2081 1443 2090 1453 1463 2132 2136 2140 2654 2657 2660 2150 2159 1521 2168 1531 2684 2687
12 2118 1480 2092 2668 2127 2096 2671 1490 2674 2100 1500 2109
12 2689 1539 2148 2683 2157 1519 2131 2166 2135 1529 2139 2686
36 2177 2181 2182 2190 2191 1554 1555 1556 2199 2200 1564 1565 1566 1574 1575 1576 2247 2251 2255 2259 2260 2268 2269 1632 1633 1634 2277 2278 1642 1643 1644 1652 1653 1654 2169 2173
12 1568 2178 1578 2187 2698 2701 2704 2196 1558 2170 2205 2174
24 2179 2699 2189 2702 2705 2198 1560 2207 1570 2729 1580 2732 2735 2249 2253 2257 2267 2276 1638 2285 1648 1658 2171 2175
36 2307 2308 1671 1672 1673 2316 2317 1681 1682 1683 1691 1692 1693 2208 2212 2216 2220 2221 2229 2230 1593 1594 1595 2238 2239 1603 1604 1605 1613 1614 1615 2286 2290 2294 2298 2299
12 2209 2244 2213 1607 2217 1617 2226 2713 2235 2716 1597 2719
24 2306 2315 1677 2324 1687 2714 2717 2720 1697 2210 2214 2218 2228 2744 2747 2237 2750 1599 2246 1609 1619 2288 2292 2296
12 2274 1636 2248 2728 2283 2252 2731 1646 2734 2256 1656 2265
12 2304 2313 2743 1675 2287 2322 2291 1685 2295 2746 2749 1695
36 2433 2434 1798 1799 1800 1808 1809 1810 2325 2329 2333 2337 2338 2346 2347 1710 1711 1712 2355 2356 1720 1721 1722 1730 1731 1732 2403 2407 2411 2415 2416 2424 2425 1788 1789 1790
24 1792 2439 1802 1812 2326 2330 2334 2343 2352 1714 2361 1724 1734 2758 2761 2764 2404 2788 2791 2408 2794 2412 2421 2430
12 2759 1736 2345 2762 2765 2363 2354 1716 2327 2331 1726 2335
36 2442 2446 2450 2454 2455 2463 2464 1827 1828 1829 2472 2473 1837 1838 1839 1847 1848 1849 2364 2368 2372 2376 2377 2385 2386 1749 1750 1751 2394 2395 1759 1760 1761 1769 1770 1771
24 2443 2447 2451 2460 2469 1831 2478 1841 1851 2365 2369 2373 2382 2773 2391 2776 1753 2779 2400 1763 1773 2803 2806 2809
12 2370 2402 1765 2374 1775 2384 2777 2774 2393 1755 2780 2366
12 2432 1794 2405 2789 2792 2409 2441 2795 1804 2413 1814 2423
12 2471 1833 2444 2448 2480 1843 2452 2804 2807 2810 1853 2462
36 2563 2567 2571 2572 2580 2581 1944 1945 1946 2589 2590 1954 1955 1956 1964 1965 1966 2481 2485 2489 2493 2494 2502 2503 1866 1867 1868 2511 2512 1876 1877 1878 1886 1887 1888 2559
24 2560 2818 2564 2821 2568 2824 2577 2586 1948 2848 2595 2851 1958 2854 1968 2482 2486 2490 2499 2508 1870 2517 1880 1890
12 2519 2819 1892 2501 2822 2825 2510 1872 2483 2487 1882 2491
36 1925 1926 1927 2598 2602 2606 2610 2611 2619 2620 1983 1984 1985 2628 2629 1993 1994 1995 2003 2004 2005 2520 2524 2528 2532 2533 2541 2542 1905 1906 1907 2550 2551 1915 1916 1917
24 1929 2833 2836 2839 2599 2603 2607 2863 2866 2869 2616 2625 1987 2634 1997 2007 2521 2525 2529 2538 2547 1909 2556 1919
12 1921 2530 2558 1931 2540 2834 2549 2837 1911 2840 2522 2526
12 2561 2849 2852 2565 2597 2855 1960 2569 1970 2579 2588 1950
12 2627 1989 2600 2604 2636 1999 2608 2864 2867 2870 2009 2618
36 2679 2680 2681 2105 2106 2107 2114 2115 2116 2123 2124 2125 2637 2640 2643 2646 2647 2648 2649 2650 2651 2027 2028 2029 2667 2670 2673 2036 2037 2038 2676 2677 2678 2045 2046 2047
36 2688 2691 2692 2693 2694 2695 2696 2066 2067 2068 2075 2076 2077 2084 2085 2086 2652 2655 2144 2145 2146 2658 2661 2662 2663 2664 2153 2154 2155 2665 2666 2162 2163 2164 2682 2685
36 2183 2184 2185 2697 2700 2703 2192 2193 2194 2706 2707 2708 2709 2710 2711 2201 2202 2203 2727 2730 2733 2736 2737 2738 2739 2740 2741 2261 2262 2263 2270 2271 2272 2279 2280 2281
36 2309 2310 2311 2318 2319 2320 2712 2715 2718 2721 2722 2723 2724 2725 2726 2222 2223 2224 2742 2231 2232 2233 2745 2748 2751 2240 2241 2242 2752 2753 2754 2755 2756 2300 2301 2302
36 2435 2436 2437 2339 2340 2341 2348 2349 2350 2357 2358 2359 2757 2760 2763 2766 2767 2768 2769 2770 2771 2787 2790 2793 2796 2797 2798 2799 2800 2417 2418 2419 2801 2426 2427 2428
36 2816 2456 2457 2458 2465 2466 2467 2474 2475 2476 2378 2379 2380 2387 2388 2389 2772 2775 2778 2396 2397 2398 2781 2782 2783 2784 2785 2786 2802 2805 2808 2811 2812 2813 2814 2815
36 2817 2820 2823 2826 2827 2828 2573 2574 2575 2829 2830 2831 2582 2583 2584 2591 2592 2593 2847 2850 2853 2856 2857 2858 2859 2860 2861 2495 2496 2497 2504 2505 2506 2513 2514 2515
36 2832 2835 2838 2841 2842 2843 2844 2845 2846 2862 2865 2612 2613 2614 2868 2871 2872 2873 2874 2875 2621 2622 2623 2876 2630 2631 2632 2534 2535 2536 2543 2544 2545 2552 2553 2554
1424
13
17
21
25
29
30
31
37
38
39
45
46
47
53
54
55
61
62
63
64
69
70
71
72
77
78
79
80
85
86
87
88
93
94
97
98
101
102
105
106
109
110
113
114
117
118
121
122
125
126
127
128
133
134
135
136
141
142
143
144
149
150
151
152
157
158
161
162
165
166
169
170
173
174
177
178
181
182
185
186
189
190
191
192
193
194
195
196
197
198
199
200
213
214
215
216
217
218
219
220
221
222
223
224
237
238
239
240
241
242
243
244
245
246
247
248
261
262
263
264
265
266
267
268
269
270
271
272
285
286
287
288
289
290
291
292
293
294
295
296
297
298
299
300
301
302
303
304
305
306
307
308
309
310
311
312
313
314
315
316
317
318
319
320
357
358
359
360
361
362
363
364
365
366
367
368
369
370
371
372
373
374
375
376
377
378
379
380
381
382
383
384
385
386
387
388
389
390
391
392
429
430
431
432
433
434
435
436
437
438
439
440
441
442
443
444
445
446
447
448
449
450
451
452
453
454
455
456
457
458
459
460
461
462
463
464
501
502
503
504
505
506
507
508
509
510
511
512
513
514
515
516
517
518
519
520
521
522
523
524
525
526
527
528
529
530
531
532
533
534
535
536
573
574
575
576
577
578
579
580
581
582
583
584
585
586
587
588
589
590
591
592
593
594
595
596
597
598
599
600
601
602
603
604
605
606
607
608
609
610
611
612
613
614
615
616
617
618
619
620
669
670
671
672
673
674
675
676
677
678
679
680
681
682
683
684
685
686
687
688
689
690
691
692
693
694
695
696
697
698
699
700
701
702
703
704
705
706
707
708
709
710
711
712
713
714
715
716
765
766
767
768
769
770
771
772
773
774
775
776
777
778
779
780
781
782
783
784
785
786
787
788
789
790
791
792
793
794
795
796
797
798
799
800
801
802
803
804
805
806
807
808
809
810
811
812
861
862
863
864
865
866
867
868
869
870
871
872
873
874
875
876
877
878
879
880
881
882
883
884
885
886
887
888
889
890
891
892
893
894
895
896
897
898
899
900
901
902
903
904
905
906
907
908
957
958
959
960
961
962
963
964
965
966
967
968
969
970
971
972
973
974
975
976
977
978
979
980
981
982
983
984
985
986
987
988
989
990
991
992
993
994
995
996
997
998
999
1000
1001
1002
1003
1004
1005
1006
1007
1008
1009
1010
1065
1066
1067
1068
1069
1070
1071
1072
1073
1074
1075
1076
1077
1078
1079
1080
1081
1082
1083
1084
1085
1086
1087
1088
1089
1090
1091
1092
1093
1094
1095
1096
1097
1098
1099
1100
1101
1102
1103
1104
1105
1106
1107
1108
1109
1110
1111
1112
1113
1114
1115
1116
1117
1118
1173
1174
1175
1176
1177
1178
1179
1180
1181
1182
1183
1184
1185
1186
1187
1188
1189
1190
1191
1192
1193
1194
1195
1196
1197
1198
1199
1200
1201
1202
1203
1204
1205
1206
1207
1208
1209
1210
1211
1212
1213
1214
1215
1216
1217
1218
1219
1220
1221
1222
1223
1224
1225
1226
1281
1282
1283
1284
1285
1286
1287
1288
1289
1290
1291
1292
1293
1294
1295
1296
1297
1298
1299
1300
1301
1302
1303
1304
1305
1306
1307
1308
1309
1310
1311
1312
1313
1314
1315
1316
1317
1318
1319
1320
1321
1322
1323
1324
1325
1326
1327
1328
1329
1330
1331
1332
1333
1334
1389
1390
1391
1392
1393
1394
1395
1396
1397
1398
1399
1400
1401
1402
1403
1404
1405
1406
1407
1408
1409
1410
1411
1412
1413
1414
1415
1416
1417
1418
1419
1420
1421
1422
1423
1424
1425
1426
1427
1428
1429
1430
1431
1432
1433
1434
1435
1436
1437
1438
1439
1440
1441
1442
1443
1444
1445
1446
1447
1448
1449
1450
1451
1452
1453
1454
1455
1456
1457
1458
1459
1460
1461
1462
1463
1464
1465
1466
1545
1546
1547
1548
1549
1550
1551
1552
1553
1554
1555
1556
1557
1558
1559
1560
1561
1562
1563
1564
1565
1566
1567
1568
1569
1570
1571
1572
1573
1574
1575
1576
1577
1578
1579
1580
1581
1582
1583
1584
1585
1586
1587
1588
1589
1590
1591
1592
1593
1594
1595
1596
1597
1598
1599
1600
1601
1602
1603
1604
1605
1606
1607
1608
1609
1610
1611
1612
1613
1614
1615
1616
1617
1618
1619
1620
1621
1622
1701
1702
1703
1704
1705
1706
1707
1708
1709
1710
1711
1712
1713
1714
1715
1716
1717
1718
1719
1720
1721
1722
1723
1724
1725
1726
1727
1728
1729
1730
1731
1732
1733
1734
1735
1736
1737
1738
1739
1740
1741
1742
1743
1744
1745
1746
1747
1748
1749
1750
1751
1752
1753
1754
1755
1756
1757
1758
1759
1760
1761
1762
1763
1764
1765
1766
1767
1768
1769
1770
1771
1772
1773
1774
1775
1776
1777
1778
1857
1858
1859
1860
1861
1862
1863
1864
1865
1866
1867
1868
1869
1870
1871
1872
1873
1874
1875
1876
1877
1878
1879
1880
1881
1882
1883
1884
1885
1886
1887
1888
1889
1890
1891
1892
1893
1894
1895
1896
1897
1898
1899
1900
1901
1902
1903
1904
1905
1906
1907
1908
1909
1910
1911
1912
1913
1914
1915
1916
1917
1918
1919
1920
1921
1922
1923
1924
1925
1926
1927
1928
1929
1930
1931
1932
1933
1934
2013
2014
2015
2016
2017
2018
2019
2020
2021
2022
2023
2024
2025
2026
2027
2028
2029
2030
2031
2032
2033
2034
2035
2036
2037
2038
2039
2040
2041
2042
2043
2044
2045
2046
2047
2048
2049
2050
2051
2052
2053
2054
2055
2056
2057
2058
2059
2060
2061
2062
2063
2064
2065
2066
2067
2068
2069
2070
2071
2072
2073
2074
2075
2076
2077
2078
2079
2080
2081
2082
2083
2084
2085
2086
2087
2088
2089
2090
2169
2170
2171
2172
2173
2174
2175
2176
2177
2178
2179
2180
2181
2182
2183
2184
2185
2186
2187
2188
2189
2190
2191
2192
2193
2194
2195
2196
2197
2198
2199
2200
2201
2202
2203
2204
2205
2206
2207
2208
2209
2210
2211
2212
2213
2214
2215
2216
2217
2218
2219
2220
2221
2222
2223
2224
2225
2226
2227
2228
2229
2230
2231
2232
2233
2234
2235
2236
2237
2238
2239
2240
2241
2242
2243
2244
2245
2246
2325
2326
2327
2328
2329
2330
2331
2332
2333
2334
2335
2336
2337
2338
2339
2340
2341
2342
2343
2344
2345
2346
2347
2348
2349
2350
2351
2352
2353
2354
2355
2356
2357
2358
2359
2360
2361
2362
2363
2364
2365
2366
2367
2368
2369
2370
2371
2372
2373
2374
2375
2376
2377
2378
2379
2380
2381
2382
2383
2384
2385
2386
2387
2388
2389
2390
2391
2392
2393
2394
2395
2396
2397
2398
2399
2400
2401
2402
2481
2482
2483
2484
2485
2486
2487
2488
2489
2490
2491
2492
2493
2494
2495
2496
2497
2498
2499
2500
2501
2502
2503
2504
2505
2506
2507
2508
2509
2510
2511
2512
2513
2514
2515
2516
2517
2518
2519
2520
2521
2522
2523
2524
2525
2526
2527
2528
2529
2530
2531
2532
2533
2534
2535
2536
2537
2538
2539
2540
2541
2542
2543
2544
2545
2546
2547
2548
2549
2550
2551
2552
2553
2554
2555
2556
2557
2558
2637
2638
2639
2640
2641
2642
2643
2644
2645
2646
2647
2648
2649
2650
2651
2652
2653
2654
2655
2656
2657
2658
2659
2660
2661
2662
2663
2664
2665
2666
2697
2698
2699
2700
2701
2702
2703
2704
2705
2706
2707
2708
2709
2710
2711
2712
2713
2714
2715
2716
2717
2718
2719
2720
2721
2722
2723
2724
2725
2726
2757
2758
2759
2760
2761
2762
2763
2764
2765
2766
2767
2768
2769
2770
2771
2772
2773
2774
2775
2776
2777
2778
2779
2780
2781
2782
2783
2784
2785
2786
2817
2818
2819
2820
2821
2822
2823
2824
2825
2826
2827
2828
2829
2830
2831
2832
2833
2834
2835
2836
2837
2838
2839
2840
2841
2842
2843
2844
2845
2846
0
