2909
1
5940
0 1 1
0 2 2
1 3 3
2 4 3
3 5 0
3 6 0
3 7 4
3 8 4
4 9 0
4 10 0
4 11 4
4 12 4
5 13 4
5 14 4
6 15 4
6 16 4
7 13 0
7 15 0
8 14 0
8 16 0
9 17 4
9 18 4
10 19 4
10 20 4
11 17 0
11 19 0
12 18 0
12 20 0
13 21 5
14 22 5
15 23 5
16 24 5
17 25 5
18 26 5
19 27 5
20 28 5
21 29 0
21 30 0
21 31 6
22 32 0
22 33 0
22 34 6
23 35 0
23 36 0
23 37 6
24 38 0
24 39 0
24 40 6
25 41 0
25 42 0
25 43 6
26 44 0
26 45 0
26 46 6
27 47 0
27 48 0
27 49 6
28 50 0
28 51 0
28 52 6
29 53 0
29 54 6
30 55 0
30 56 6
31 57 7
31 54 0
31 56 0
32 58 0
32 59 6
33 60 0
33 61 6
34 62 7
34 59 0
34 61 0
35 63 0
35 64 6
36 65 0
36 66 6
37 67 7
37 64 0
37 66 0
38 68 0
38 69 6
39 70 0
39 71 6
40 72 7
40 69 0
40 71 0
41 73 0
41 74 6
42 75 0
42 76 6
43 77 7
43 74 0
43 76 0
44 78 0
44 79 6
45 80 0
45 81 6
46 82 7
46 79 0
46 81 0
47 83 0
47 84 6
48 85 0
48 86 6
49 87 7
49 84 0
49 86 0
50 88 0
50 89 6
51 90 0
51 91 6
52 92 7
52 89 0
52 91 0
53 93 6
54 93 0
54 94 7
55 95 6
56 95 0
56 96 7
57 94 0
57 96 0
58 97 6
59 97 0
59 98 7
60 99 6
61 99 0
61 100 7
62 98 0
62 100 0
63 101 6
64 101 0
64 102 7
65 103 6
66 103 0
66 104 7
67 102 0
67 104 0
68 105 6
69 105 0
69 106 7
70 107 6
71 107 0
71 108 7
72 106 0
72 108 0
73 109 6
74 109 0
74 110 7
75 111 6
76 111 0
76 112 7
77 110 0
77 112 0
78 113 6
79 113 0
79 114 7
80 115 6
81 115 0
81 116 7
82 114 0
82 116 0
83 117 6
84 117 0
84 118 7
85 119 6
86 119 0
86 120 7
87 118 0
87 120 0
88 121 6
89 121 0
89 122 7
90 123 6
91 123 0
91 124 7
92 122 0
92 124 0
93 125 7
94 125 0
95 126 7
96 126 0
97 127 7
98 127 0
99 128 7
100 128 0
101 129 7
102 129 0
103 130 7
104 130 0
105 131 7
106 131 0
107 132 7
108 132 0
109 133 7
110 133 0
111 134 7
112 134 0
113 135 7
114 135 0
115 136 7
116 136 0
117 137 7
118 137 0
119 138 7
120 138 0
121 139 7
122 139 0
123 140 7
124 140 0
125 141 8
126 142 8
127 143 8
128 144 8
129 145 8
130 146 8
131 147 8
132 148 8
133 149 8
134 150 8
135 151 8
136 152 8
137 153 8
138 154 8
139 155 8
140 156 8
141 157 0
141 158 9
142 159 0
142 160 9
143 161 0
143 162 9
144 163 0
144 164 9
145 165 0
145 166 9
146 167 0
146 168 9
147 169 0
147 170 9
148 171 0
148 172 9
149 173 0
149 174 9
150 175 0
150 176 9
151 177 0
151 178 9
152 179 0
152 180 9
153 181 0
153 182 9
154 183 0
154 184 9
155 185 0
155 186 9
156 187 0
156 188 9
157 189 9
158 189 0
159 190 9
160 190 0
161 191 9
162 191 0
163 192 9
164 192 0
165 193 9
166 193 0
167 194 9
168 194 0
169 195 9
170 195 0
171 196 9
172 196 0
173 197 9
174 197 0
175 198 9
176 198 0
177 199 9
178 199 0
179 200 9
180 200 0
181 201 9
182 201 0
183 202 9
184 202 0
185 203 9
186 203 0
187 204 9
188 204 0
189 205 10
190 206 10
191 207 10
192 208 10
193 209 10
194 210 10
195 211 10
196 212 10
197 213 10
198 214 10
199 215 10
200 216 10
201 217 10
202 218 10
203 219 10
204 220 10
205 221 0
205 222 0
205 223 11
205 224 12
205 225 13
205 226 0
206 227 0
206 228 0
206 229 11
206 230 12
206 231 13
206 232 0
207 233 0
207 234 0
207 235 11
207 236 12
207 237 13
207 238 0
208 239 0
208 240 0
208 241 11
208 242 12
208 243 13
208 244 0
209 245 0
209 246 0
209 247 11
209 248 12
209 249 13
209 250 0
210 251 0
210 252 0
210 253 11
210 254 12
210 255 13
210 256 0
211 257 0
211 258 0
211 259 11
211 260 12
211 261 13
211 262 0
212 263 0
212 264 0
212 265 11
212 266 12
212 267 13
212 268 0
213 269 0
213 270 0
213 271 11
213 272 12
213 273 13
213 274 0
214 275 0
214 276 0
214 277 11
214 278 12
214 279 13
214 280 0
215 281 0
215 282 0
215 283 11
215 284 12
215 285 13
215 286 0
216 287 0
216 288 0
216 289 11
216 290 12
216 291 13
216 292 0
217 293 0
217 294 0
217 295 11
217 296 12
217 297 13
217 298 0
218 299 0
218 300 0
218 301 11
218 302 12
218 303 13
218 304 0
219 305 0
219 306 0
219 307 11
219 308 12
219 309 13
219 310 0
220 311 0
220 312 0
220 313 11
220 314 12
220 315 13
220 316 0
221 317 11
221 318 12
221 319 13
221 320 0
222 317 11
222 318 12
222 319 13
222 320 0
223 321 0
223 322 0
223 323 0
224 324 0
224 325 0
224 326 0
225 327 0
225 328 0
225 329 0
226 330 0
226 331 0
226 332 0
226 333 0
226 334 0
227 335 11
227 336 12
227 337 13
227 338 0
228 335 11
228 336 12
228 337 13
228 338 0
229 339 0
229 340 0
229 341 0
230 342 0
230 343 0
230 344 0
231 345 0
231 346 0
231 347 0
232 348 0
232 349 0
232 350 0
232 351 0
232 352 0
233 353 11
233 354 12
233 355 13
233 356 0
234 353 11
234 354 12
234 355 13
234 356 0
235 357 0
235 358 0
235 359 0
236 360 0
236 361 0
236 362 0
237 363 0
237 364 0
237 365 0
238 366 0
238 367 0
238 368 0
238 369 0
238 370 0
239 371 11
239 372 12
239 373 13
239 374 0
240 371 11
240 372 12
240 373 13
240 374 0
241 375 0
241 376 0
241 377 0
242 378 0
242 379 0
242 380 0
243 381 0
243 382 0
243 383 0
244 384 0
244 385 0
244 386 0
244 387 0
244 388 0
245 389 11
245 390 12
245 391 13
245 392 0
246 389 11
246 390 12
246 391 13
246 392 0
247 393 0
247 394 0
247 395 0
248 396 0
248 397 0
248 398 0
249 399 0
249 400 0
249 401 0
250 402 0
250 403 0
250 404 0
250 405 0
250 406 0
251 407 11
251 408 12
251 409 13
251 410 0
252 407 11
252 408 12
252 409 13
252 410 0
253 411 0
253 412 0
253 413 0
254 414 0
254 415 0
254 416 0
255 417 0
255 418 0
255 419 0
256 420 0
256 421 0
256 422 0
256 423 0
256 424 0
257 425 11
257 426 12
257 427 13
257 428 0
258 425 11
258 426 12
258 427 13
258 428 0
259 429 0
259 430 0
259 431 0
260 432 0
260 433 0
260 434 0
261 435 0
261 436 0
261 437 0
262 438 0
262 439 0
262 440 0
262 441 0
262 442 0
263 443 11
263 444 12
263 445 13
263 446 0
264 443 11
264 444 12
264 445 13
264 446 0
265 447 0
265 448 0
265 449 0
266 450 0
266 451 0
266 452 0
267 453 0
267 454 0
267 455 0
268 456 0
268 457 0
268 458 0
268 459 0
268 460 0
269 461 11
269 462 12
269 463 13
269 464 0
270 461 11
270 462 12
270 463 13
270 464 0
271 465 0
271 466 0
271 467 0
272 468 0
272 469 0
272 470 0
273 471 0
273 472 0
273 473 0
274 474 0
274 475 0
274 476 0
274 477 0
274 478 0
275 479 11
275 480 12
275 481 13
275 482 0
276 479 11
276 480 12
276 481 13
276 482 0
277 483 0
277 484 0
277 485 0
278 486 0
278 487 0
278 488 0
279 489 0
279 490 0
279 491 0
280 492 0
280 493 0
280 494 0
280 495 0
280 496 0
281 497 11
281 498 12
281 499 13
281 500 0
282 497 11
282 498 12
282 499 13
282 500 0
283 501 0
283 502 0
283 503 0
284 504 0
284 505 0
284 506 0
285 507 0
285 508 0
285 509 0
286 510 0
286 511 0
286 512 0
286 513 0
286 514 0
287 515 11
287 516 12
287 517 13
287 518 0
288 515 11
288 516 12
288 517 13
288 518 0
289 519 0
289 520 0
289 521 0
290 522 0
290 523 0
290 524 0
291 525 0
291 526 0
291 527 0
292 528 0
292 529 0
292 530 0
292 531 0
292 532 0
293 533 11
293 534 12
293 535 13
293 536 0
294 533 11
294 534 12
294 535 13
294 536 0
295 537 0
295 538 0
295 539 0
296 540 0
296 541 0
296 542 0
297 543 0
297 544 0
297 545 0
298 546 0
298 547 0
298 548 0
298 549 0
298 550 0
299 551 11
299 552 12
299 553 13
299 554 0
300 551 11
300 552 12
300 553 13
300 554 0
301 555 0
301 556 0
301 557 0
302 558 0
302 559 0
302 560 0
303 561 0
303 562 0
303 563 0
304 564 0
304 565 0
304 566 0
304 567 0
304 568 0
305 569 11
305 570 12
305 571 13
305 572 0
306 569 11
306 570 12
306 571 13
306 572 0
307 573 0
307 574 0
307 575 0
308 576 0
308 577 0
308 578 0
309 579 0
309 580 0
309 581 0
310 582 0
310 583 0
310 584 0
310 585 0
310 586 0
311 587 11
311 588 12
311 589 13
311 590 0
312 587 11
312 588 12
312 589 13
312 590 0
313 591 0
313 592 0
313 593 0
314 594 0
314 595 0
314 596 0
315 597 0
315 598 0
315 599 0
316 600 0
316 601 0
316 602 0
316 603 0
316 604 0
317 605 0
318 606 0
319 607 0
320 608 0
320 609 0
320 610 0
321 605 0
322 605 0
323 611 0
323 612 0
323 613 0
323 614 0
323 615 0
324 606 0
325 606 0
326 616 0
326 617 0
326 618 0
326 619 0
326 620 0
327 607 0
328 607 0
329 621 0
329 622 0
329 623 0
329 624 0
329 625 0
330 608 0
330 609 0
330 610 0
331 330 0
331 331 0
331 332 0
331 333 0
331 334 0
332 608 0
332 609 0
332 610 0
333 330 0
333 331 0
333 332 0
333 333 0
333 334 0
334 626 0
334 627 0
334 628 0
335 629 0
336 630 0
337 631 0
338 632 0
338 633 0
338 634 0
339 629 0
340 629 0
341 635 0
341 636 0
341 637 0
341 638 0
341 639 0
342 630 0
343 630 0
344 640 0
344 641 0
344 642 0
344 643 0
344 644 0
345 631 0
346 631 0
347 645 0
347 646 0
347 647 0
347 648 0
347 649 0
348 632 0
348 633 0
348 634 0
349 348 0
349 349 0
349 350 0
349 351 0
349 352 0
350 632 0
350 633 0
350 634 0
351 348 0
351 349 0
351 350 0
351 351 0
351 352 0
352 650 0
352 651 0
352 652 0
353 653 0
354 654 0
355 655 0
356 656 0
356 657 0
356 658 0
357 653 0
358 653 0
359 659 0
359 660 0
359 661 0
359 662 0
359 663 0
360 654 0
361 654 0
362 664 0
362 665 0
362 666 0
362 667 0
362 668 0
363 655 0
364 655 0
365 669 0
365 670 0
365 671 0
365 672 0
365 673 0
366 656 0
366 657 0
366 658 0
367 366 0
367 367 0
367 368 0
367 369 0
367 370 0
368 656 0
368 657 0
368 658 0
369 366 0
369 367 0
369 368 0
369 369 0
369 370 0
370 674 0
370 675 0
370 676 0
371 677 0
372 678 0
373 679 0
374 680 0
374 681 0
374 682 0
375 677 0
376 677 0
377 683 0
377 684 0
377 685 0
377 686 0
377 687 0
378 678 0
379 678 0
380 688 0
380 689 0
380 690 0
380 691 0
380 692 0
381 679 0
382 679 0
383 693 0
383 694 0
383 695 0
383 696 0
383 697 0
384 680 0
384 681 0
384 682 0
385 384 0
385 385 0
385 386 0
385 387 0
385 388 0
386 680 0
386 681 0
386 682 0
387 384 0
387 385 0
387 386 0
387 387 0
387 388 0
388 698 0
388 699 0
388 700 0
389 701 0
390 702 0
391 703 0
392 704 0
392 705 0
392 706 0
393 701 0
394 701 0
395 707 0
395 708 0
395 709 0
395 710 0
395 711 0
396 702 0
397 702 0
398 712 0
398 713 0
398 714 0
398 715 0
398 716 0
399 703 0
400 703 0
401 717 0
401 718 0
401 719 0
401 720 0
401 721 0
402 704 0
402 705 0
402 706 0
403 402 0
403 403 0
403 404 0
403 405 0
403 406 0
404 704 0
404 705 0
404 706 0
405 402 0
405 403 0
405 404 0
405 405 0
405 406 0
406 722 0
406 723 0
406 724 0
407 725 0
408 726 0
409 727 0
410 728 0
410 729 0
410 730 0
411 725 0
412 725 0
413 731 0
413 732 0
413 733 0
413 734 0
413 735 0
414 726 0
415 726 0
416 736 0
416 737 0
416 738 0
416 739 0
416 740 0
417 727 0
418 727 0
419 741 0
419 742 0
419 743 0
419 744 0
419 745 0
420 728 0
420 729 0
420 730 0
421 420 0
421 421 0
421 422 0
421 423 0
421 424 0
422 728 0
422 729 0
422 730 0
423 420 0
423 421 0
423 422 0
423 423 0
423 424 0
424 746 0
424 747 0
424 748 0
425 749 0
426 750 0
427 751 0
428 752 0
428 753 0
428 754 0
429 749 0
430 749 0
431 755 0
431 756 0
431 757 0
431 758 0
431 759 0
432 750 0
433 750 0
434 760 0
434 761 0
434 762 0
434 763 0
434 764 0
435 751 0
436 751 0
437 765 0
437 766 0
437 767 0
437 768 0
437 769 0
438 752 0
438 753 0
438 754 0
439 438 0
439 439 0
439 440 0
439 441 0
439 442 0
440 752 0
440 753 0
440 754 0
441 438 0
441 439 0
441 440 0
441 441 0
441 442 0
442 770 0
442 771 0
442 772 0
443 773 0
444 774 0
445 775 0
446 776 0
446 777 0
446 778 0
447 773 0
448 773 0
449 779 0
449 780 0
449 781 0
449 782 0
449 783 0
450 774 0
451 774 0
452 784 0
452 785 0
452 786 0
452 787 0
452 788 0
453 775 0
454 775 0
455 789 0
455 790 0
455 791 0
455 792 0
455 793 0
456 776 0
456 777 0
456 778 0
457 456 0
457 457 0
457 458 0
457 459 0
457 460 0
458 776 0
458 777 0
458 778 0
459 456 0
459 457 0
459 458 0
459 459 0
459 460 0
460 794 0
460 795 0
460 796 0
461 797 0
462 798 0
463 799 0
464 800 0
464 801 0
464 802 0
465 797 0
466 797 0
467 803 0
467 804 0
467 805 0
467 806 0
467 807 0
468 798 0
469 798 0
470 808 0
470 809 0
470 810 0
470 811 0
470 812 0
471 799 0
472 799 0
473 813 0
473 814 0
473 815 0
473 816 0
473 817 0
474 800 0
474 801 0
474 802 0
475 474 0
475 475 0
475 476 0
475 477 0
475 478 0
476 800 0
476 801 0
476 802 0
477 474 0
477 475 0
477 476 0
477 477 0
477 478 0
478 818 0
478 819 0
478 820 0
479 821 0
480 822 0
481 823 0
482 824 0
482 825 0
482 826 0
483 821 0
484 821 0
485 827 0
485 828 0
485 829 0
485 830 0
485 831 0
486 822 0
487 822 0
488 832 0
488 833 0
488 834 0
488 835 0
488 836 0
489 823 0
490 823 0
491 837 0
491 838 0
491 839 0
491 840 0
491 841 0
492 824 0
492 825 0
492 826 0
493 492 0
493 493 0
493 494 0
493 495 0
493 496 0
494 824 0
494 825 0
494 826 0
495 492 0
495 493 0
495 494 0
495 495 0
495 496 0
496 842 0
496 843 0
496 844 0
497 845 0
498 846 0
499 847 0
500 848 0
500 849 0
500 850 0
501 845 0
502 845 0
503 851 0
503 852 0
503 853 0
503 854 0
503 855 0
504 846 0
505 846 0
506 856 0
506 857 0
506 858 0
506 859 0
506 860 0
507 847 0
508 847 0
509 861 0
509 862 0
509 863 0
509 864 0
509 865 0
510 848 0
510 849 0
510 850 0
511 510 0
511 511 0
511 512 0
511 513 0
511 514 0
512 848 0
512 849 0
512 850 0
513 510 0
513 511 0
513 512 0
513 513 0
513 514 0
514 866 0
514 867 0
514 868 0
515 869 0
516 870 0
517 871 0
518 872 0
518 873 0
518 874 0
519 869 0
520 869 0
521 875 0
521 876 0
521 877 0
521 878 0
521 879 0
522 870 0
523 870 0
524 880 0
524 881 0
524 882 0
524 883 0
524 884 0
525 871 0
526 871 0
527 885 0
527 886 0
527 887 0
527 888 0
527 889 0
528 872 0
528 873 0
528 874 0
529 528 0
529 529 0
529 530 0
529 531 0
529 532 0
530 872 0
530 873 0
530 874 0
531 528 0
531 529 0
531 530 0
531 531 0
531 532 0
532 890 0
532 891 0
532 892 0
533 893 0
534 894 0
535 895 0
536 896 0
536 897 0
536 898 0
537 893 0
538 893 0
539 899 0
539 900 0
539 901 0
539 902 0
539 903 0
540 894 0
541 894 0
542 904 0
542 905 0
542 906 0
542 907 0
542 908 0
543 895 0
544 895 0
545 909 0
545 910 0
545 911 0
545 912 0
545 913 0
546 896 0
546 897 0
546 898 0
547 546 0
547 547 0
547 548 0
547 549 0
547 550 0
548 896 0
548 897 0
548 898 0
549 546 0
549 547 0
549 548 0
549 549 0
549 550 0
550 914 0
550 915 0
550 916 0
551 917 0
552 918 0
553 919 0
554 920 0
554 921 0
554 922 0
555 917 0
556 917 0
557 923 0
557 924 0
557 925 0
557 926 0
557 927 0
558 918 0
559 918 0
560 928 0
560 929 0
560 930 0
560 931 0
560 932 0
561 919 0
562 919 0
563 933 0
563 934 0
563 935 0
563 936 0
563 937 0
564 920 0
564 921 0
564 922 0
565 564 0
565 565 0
565 566 0
565 567 0
565 568 0
566 920 0
566 921 0
566 922 0
567 564 0
567 565 0
567 566 0
567 567 0
567 568 0
568 938 0
568 939 0
568 940 0
569 941 0
570 942 0
571 943 0
572 944 0
572 945 0
572 946 0
573 941 0
574 941 0
575 947 0
575 948 0
575 949 0
575 950 0
575 951 0
576 942 0
577 942 0
578 952 0
578 953 0
578 954 0
578 955 0
578 956 0
579 943 0
580 943 0
581 957 0
581 958 0
581 959 0
581 960 0
581 961 0
582 944 0
582 945 0
582 946 0
583 582 0
583 583 0
583 584 0
583 585 0
583 586 0
584 944 0
584 945 0
584 946 0
585 582 0
585 583 0
585 584 0
585 585 0
585 586 0
586 962 0
586 963 0
586 964 0
587 965 0
588 966 0
589 967 0
590 968 0
590 969 0
590 970 0
591 965 0
592 965 0
593 971 0
593 972 0
593 973 0
593 974 0
593 975 0
594 966 0
595 966 0
596 976 0
596 977 0
596 978 0
596 979 0
596 980 0
597 967 0
598 967 0
599 981 0
599 982 0
599 983 0
599 984 0
599 985 0
600 968 0
600 969 0
600 970 0
601 600 0
601 601 0
601 602 0
601 603 0
601 604 0
602 968 0
602 969 0
602 970 0
603 600 0
603 601 0
603 602 0
603 603 0
603 604 0
604 986 0
604 987 0
604 988 0
605 989 0
605 990 0
605 991 0
606 992 0
606 993 0
606 994 0
607 995 0
607 996 0
607 997 0
608 608 0
608 609 0
608 610 0
609 608 0
609 609 0
609 610 0
610 998 0
611 989 0
611 990 0
611 991 0
612 611 0
612 612 0
612 613 0
612 614 0
612 615 0
613 989 0
613 990 0
613 991 0
614 611 0
614 612 0
614 613 0
614 614 0
614 615 0
615 999 0
615 1000 0
615 1001 14
615 1002 15
615 1003 0
616 992 0
616 993 0
616 994 0
617 616 0
617 617 0
617 618 0
617 619 0
617 620 0
618 992 0
618 993 0
618 994 0
619 616 0
619 617 0
619 618 0
619 619 0
619 620 0
620 1004 0
620 1005 0
620 1006 14
620 1007 15
620 1008 0
621 995 0
621 996 0
621 997 0
622 621 0
622 622 0
622 623 0
622 624 0
622 625 0
623 995 0
623 996 0
623 997 0
624 621 0
624 622 0
624 623 0
624 624 0
624 625 0
625 1009 0
625 1010 0
625 1011 14
625 1012 15
625 1013 0
626 998 0
627 998 0
628 1014 0
628 1015 0
629 1016 0
629 1017 0
629 1018 0
630 1019 0
630 1020 0
630 1021 0
631 1022 0
631 1023 0
631 1024 0
632 632 0
632 633 0
632 634 0
633 632 0
633 633 0
633 634 0
634 1025 0
635 1016 0
635 1017 0
635 1018 0
636 635 0
636 636 0
636 637 0
636 638 0
636 639 0
637 1016 0
637 1017 0
637 1018 0
638 635 0
638 636 0
638 637 0
638 638 0
638 639 0
639 1026 0
639 1027 0
639 1028 14
639 1029 15
639 1030 0
640 1019 0
640 1020 0
640 1021 0
641 640 0
641 641 0
641 642 0
641 643 0
641 644 0
642 1019 0
642 1020 0
642 1021 0
643 640 0
643 641 0
643 642 0
643 643 0
643 644 0
644 1031 0
644 1032 0
644 1033 14
644 1034 15
644 1035 0
645 1022 0
645 1023 0
645 1024 0
646 645 0
646 646 0
646 647 0
646 648 0
646 649 0
647 1022 0
647 1023 0
647 1024 0
648 645 0
648 646 0
648 647 0
648 648 0
648 649 0
649 1036 0
649 1037 0
649 1038 14
649 1039 15
649 1040 0
650 1025 0
651 1025 0
652 1041 0
652 1042 0
653 1043 0
653 1044 0
653 1045 0
654 1046 0
654 1047 0
654 1048 0
655 1049 0
655 1050 0
655 1051 0
656 656 0
656 657 0
656 658 0
657 656 0
657 657 0
657 658 0
658 1052 0
659 1043 0
659 1044 0
659 1045 0
660 659 0
660 660 0
660 661 0
660 662 0
660 663 0
661 1043 0
661 1044 0
661 1045 0
662 659 0
662 660 0
662 661 0
662 662 0
662 663 0
663 1053 0
663 1054 0
663 1055 14
663 1056 15
663 1057 0
664 1046 0
664 1047 0
664 1048 0
665 664 0
665 665 0
665 666 0
665 667 0
665 668 0
666 1046 0
666 1047 0
666 1048 0
667 664 0
667 665 0
667 666 0
667 667 0
667 668 0
668 1058 0
668 1059 0
668 1060 14
668 1061 15
668 1062 0
669 1049 0
669 1050 0
669 1051 0
670 669 0
670 670 0
670 671 0
670 672 0
670 673 0
671 1049 0
671 1050 0
671 1051 0
672 669 0
672 670 0
672 671 0
672 672 0
672 673 0
673 1063 0
673 1064 0
673 1065 14
673 1066 15
673 1067 0
674 1052 0
675 1052 0
676 1068 0
676 1069 0
677 1070 0
677 1071 0
677 1072 0
678 1073 0
678 1074 0
678 1075 0
679 1076 0
679 1077 0
679 1078 0
680 680 0
680 681 0
680 682 0
681 680 0
681 681 0
681 682 0
682 1079 0
683 1070 0
683 1071 0
683 1072 0
684 683 0
684 684 0
684 685 0
684 686 0
684 687 0
685 1070 0
685 1071 0
685 1072 0
686 683 0
686 684 0
686 685 0
686 686 0
686 687 0
687 1080 0
687 1081 0
687 1082 14
687 1083 15
687 1084 0
688 1073 0
688 1074 0
688 1075 0
689 688 0
689 689 0
689 690 0
689 691 0
689 692 0
690 1073 0
690 1074 0
690 1075 0
691 688 0
691 689 0
691 690 0
691 691 0
691 692 0
692 1085 0
692 1086 0
692 1087 14
692 1088 15
692 1089 0
693 1076 0
693 1077 0
693 1078 0
694 693 0
694 694 0
694 695 0
694 696 0
694 697 0
695 1076 0
695 1077 0
695 1078 0
696 693 0
696 694 0
696 695 0
696 696 0
696 697 0
697 1090 0
697 1091 0
697 1092 14
697 1093 15
697 1094 0
698 1079 0
699 1079 0
700 1095 0
700 1096 0
701 1097 0
701 1098 0
701 1099 0
702 1100 0
702 1101 0
702 1102 0
703 1103 0
703 1104 0
703 1105 0
704 704 0
704 705 0
704 706 0
705 704 0
705 705 0
705 706 0
706 1106 0
707 1097 0
707 1098 0
707 1099 0
708 707 0
708 708 0
708 709 0
708 710 0
708 711 0
709 1097 0
709 1098 0
709 1099 0
710 707 0
710 708 0
710 709 0
710 710 0
710 711 0
711 1107 0
711 1108 0
711 1109 14
711 1110 15
711 1111 0
712 1100 0
712 1101 0
712 1102 0
713 712 0
713 713 0
713 714 0
713 715 0
713 716 0
714 1100 0
714 1101 0
714 1102 0
715 712 0
715 713 0
715 714 0
715 715 0
715 716 0
716 1112 0
716 1113 0
716 1114 14
716 1115 15
716 1116 0
717 1103 0
717 1104 0
717 1105 0
718 717 0
718 718 0
718 719 0
718 720 0
718 721 0
719 1103 0
719 1104 0
719 1105 0
720 717 0
720 718 0
720 719 0
720 720 0
720 721 0
721 1117 0
721 1118 0
721 1119 14
721 1120 15
721 1121 0
722 1106 0
723 1106 0
724 1122 0
724 1123 0
725 1124 0
725 1125 0
725 1126 0
726 1127 0
726 1128 0
726 1129 0
727 1130 0
727 1131 0
727 1132 0
728 728 0
728 729 0
728 730 0
729 728 0
729 729 0
729 730 0
730 1133 0
731 1124 0
731 1125 0
731 1126 0
732 731 0
732 732 0
732 733 0
732 734 0
732 735 0
733 1124 0
733 1125 0
733 1126 0
734 731 0
734 732 0
734 733 0
734 734 0
734 735 0
735 1134 0
735 1135 0
735 1136 14
735 1137 15
735 1138 0
736 1127 0
736 1128 0
736 1129 0
737 736 0
737 737 0
737 738 0
737 739 0
737 740 0
738 1127 0
738 1128 0
738 1129 0
739 736 0
739 737 0
739 738 0
739 739 0
739 740 0
740 1139 0
740 1140 0
740 1141 14
740 1142 15
740 1143 0
741 1130 0
741 1131 0
741 1132 0
742 741 0
742 742 0
742 743 0
742 744 0
742 745 0
743 1130 0
743 1131 0
743 1132 0
744 741 0
744 742 0
744 743 0
744 744 0
744 745 0
745 1144 0
745 1145 0
745 1146 14
745 1147 15
745 1148 0
746 1133 0
747 1133 0
748 1149 0
748 1150 0
749 1151 0
749 1152 0
749 1153 0
750 1154 0
750 1155 0
750 1156 0
751 1157 0
751 1158 0
751 1159 0
752 752 0
752 753 0
752 754 0
753 752 0
753 753 0
753 754 0
754 1160 0
755 1151 0
755 1152 0
755 1153 0
756 755 0
756 756 0
756 757 0
756 758 0
756 759 0
757 1151 0
757 1152 0
757 1153 0
758 755 0
758 756 0
758 757 0
758 758 0
758 759 0
759 1161 0
759 1162 0
759 1163 14
759 1164 15
759 1165 0
760 1154 0
760 1155 0
760 1156 0
761 760 0
761 761 0
761 762 0
761 763 0
761 764 0
762 1154 0
762 1155 0
762 1156 0
763 760 0
763 761 0
763 762 0
763 763 0
763 764 0
764 1166 0
764 1167 0
764 1168 14
764 1169 15
764 1170 0
765 1157 0
765 1158 0
765 1159 0
766 765 0
766 766 0
766 767 0
766 768 0
766 769 0
767 1157 0
767 1158 0
767 1159 0
768 765 0
768 766 0
768 767 0
768 768 0
768 769 0
769 1171 0
769 1172 0
769 1173 14
769 1174 15
769 1175 0
770 1160 0
771 1160 0
772 1176 0
772 1177 0
773 1178 0
773 1179 0
773 1180 0
774 1181 0
774 1182 0
774 1183 0
775 1184 0
775 1185 0
775 1186 0
776 776 0
776 777 0
776 778 0
777 776 0
777 777 0
777 778 0
778 1187 0
779 1178 0
779 1179 0
779 1180 0
780 779 0
780 780 0
780 781 0
780 782 0
780 783 0
781 1178 0
781 1179 0
781 1180 0
782 779 0
782 780 0
782 781 0
782 782 0
782 783 0
783 1188 0
783 1189 0
783 1190 14
783 1191 15
783 1192 0
784 1181 0
784 1182 0
784 1183 0
785 784 0
785 785 0
785 786 0
785 787 0
785 788 0
786 1181 0
786 1182 0
786 1183 0
787 784 0
787 785 0
787 786 0
787 787 0
787 788 0
788 1193 0
788 1194 0
788 1195 14
788 1196 15
788 1197 0
789 1184 0
789 1185 0
789 1186 0
790 789 0
790 790 0
790 791 0
790 792 0
790 793 0
791 1184 0
791 1185 0
791 1186 0
792 789 0
792 790 0
792 791 0
792 792 0
792 793 0
793 1198 0
793 1199 0
793 1200 14
793 1201 15
793 1202 0
794 1187 0
795 1187 0
796 1203 0
796 1204 0
797 1205 0
797 1206 0
797 1207 0
798 1208 0
798 1209 0
798 1210 0
799 1211 0
799 1212 0
799 1213 0
800 800 0
800 801 0
800 802 0
801 800 0
801 801 0
801 802 0
802 1214 0
803 1205 0
803 1206 0
803 1207 0
804 803 0
804 804 0
804 805 0
804 806 0
804 807 0
805 1205 0
805 1206 0
805 1207 0
806 803 0
806 804 0
806 805 0
806 806 0
806 807 0
807 1215 0
807 1216 0
807 1217 14
807 1218 15
807 1219 0
808 1208 0
808 1209 0
808 1210 0
809 808 0
809 809 0
809 810 0
809 811 0
809 812 0
810 1208 0
810 1209 0
810 1210 0
811 808 0
811 809 0
811 810 0
811 811 0
811 812 0
812 1220 0
812 1221 0
812 1222 14
812 1223 15
812 1224 0
813 1211 0
813 1212 0
813 1213 0
814 813 0
814 814 0
814 815 0
814 816 0
814 817 0
815 1211 0
815 1212 0
815 1213 0
816 813 0
816 814 0
816 815 0
816 816 0
816 817 0
817 1225 0
817 1226 0
817 1227 14
817 1228 15
817 1229 0
818 1214 0
819 1214 0
820 1230 0
820 1231 0
821 1232 0
821 1233 0
821 1234 0
822 1235 0
822 1236 0
822 1237 0
823 1238 0
823 1239 0
823 1240 0
824 824 0
824 825 0
824 826 0
825 824 0
825 825 0
825 826 0
826 1241 0
827 1232 0
827 1233 0
827 1234 0
828 827 0
828 828 0
828 829 0
828 830 0
828 831 0
829 1232 0
829 1233 0
829 1234 0
830 827 0
830 828 0
830 829 0
830 830 0
830 831 0
831 1242 0
831 1243 0
831 1244 14
831 1245 15
831 1246 0
832 1235 0
832 1236 0
832 1237 0
833 832 0
833 833 0
833 834 0
833 835 0
833 836 0
834 1235 0
834 1236 0
834 1237 0
835 832 0
835 833 0
835 834 0
835 835 0
835 836 0
836 1247 0
836 1248 0
836 1249 14
836 1250 15
836 1251 0
837 1238 0
837 1239 0
837 1240 0
838 837 0
838 838 0
838 839 0
838 840 0
838 841 0
839 1238 0
839 1239 0
839 1240 0
840 837 0
840 838 0
840 839 0
840 840 0
840 841 0
841 1252 0
841 1253 0
841 1254 14
841 1255 15
841 1256 0
842 1241 0
843 1241 0
844 1257 0
844 1258 0
845 1259 0
845 1260 0
845 1261 0
846 1262 0
846 1263 0
846 1264 0
847 1265 0
847 1266 0
847 1267 0
848 848 0
848 849 0
848 850 0
849 848 0
849 849 0
849 850 0
850 1268 0
851 1259 0
851 1260 0
851 1261 0
852 851 0
852 852 0
852 853 0
852 854 0
852 855 0
853 1259 0
853 1260 0
853 1261 0
854 851 0
854 852 0
854 853 0
854 854 0
854 855 0
855 1269 0
855 1270 0
855 1271 14
855 1272 15
855 1273 0
856 1262 0
856 1263 0
856 1264 0
857 856 0
857 857 0
857 858 0
857 859 0
857 860 0
858 1262 0
858 1263 0
858 1264 0
859 856 0
859 857 0
859 858 0
859 859 0
859 860 0
860 1274 0
860 1275 0
860 1276 14
860 1277 15
860 1278 0
861 1265 0
861 1266 0
861 1267 0
862 861 0
862 862 0
862 863 0
862 864 0
862 865 0
863 1265 0
863 1266 0
863 1267 0
864 861 0
864 862 0
864 863 0
864 864 0
864 865 0
865 1279 0
865 1280 0
865 1281 14
865 1282 15
865 1283 0
866 1268 0
867 1268 0
868 1284 0
868 1285 0
869 1286 0
869 1287 0
869 1288 0
870 1289 0
870 1290 0
870 1291 0
871 1292 0
871 1293 0
871 1294 0
872 872 0
872 873 0
872 874 0
873 872 0
873 873 0
873 874 0
874 1295 0
875 1286 0
875 1287 0
875 1288 0
876 875 0
876 876 0
876 877 0
876 878 0
876 879 0
877 1286 0
877 1287 0
877 1288 0
878 875 0
878 876 0
878 877 0
878 878 0
878 879 0
879 1296 0
879 1297 0
879 1298 14
879 1299 15
879 1300 0
880 1289 0
880 1290 0
880 1291 0
881 880 0
881 881 0
881 882 0
881 883 0
881 884 0
882 1289 0
882 1290 0
882 1291 0
883 880 0
883 881 0
883 882 0
883 883 0
883 884 0
884 1301 0
884 1302 0
884 1303 14
884 1304 15
884 1305 0
885 1292 0
885 1293 0
885 1294 0
886 885 0
886 886 0
886 887 0
886 888 0
886 889 0
887 1292 0
887 1293 0
887 1294 0
888 885 0
888 886 0
888 887 0
888 888 0
888 889 0
889 1306 0
889 1307 0
889 1308 14
889 1309 15
889 1310 0
890 1295 0
891 1295 0
892 1311 0
892 1312 0
893 1313 0
893 1314 0
893 1315 0
894 1316 0
894 1317 0
894 1318 0
895 1319 0
895 1320 0
895 1321 0
896 896 0
896 897 0
896 898 0
897 896 0
897 897 0
897 898 0
898 1322 0
899 1313 0
899 1314 0
899 1315 0
900 899 0
900 900 0
900 901 0
900 902 0
900 903 0
901 1313 0
901 1314 0
901 1315 0
902 899 0
902 900 0
902 901 0
902 902 0
902 903 0
903 1323 0
903 1324 0
903 1325 14
903 1326 15
903 1327 0
904 1316 0
904 1317 0
904 1318 0
905 904 0
905 905 0
905 906 0
905 907 0
905 908 0
906 1316 0
906 1317 0
906 1318 0
907 904 0
907 905 0
907 906 0
907 907 0
907 908 0
908 1328 0
908 1329 0
908 1330 14
908 1331 15
908 1332 0
909 1319 0
909 1320 0
909 1321 0
910 909 0
910 910 0
910 911 0
910 912 0
910 913 0
911 1319 0
911 1320 0
911 1321 0
912 909 0
912 910 0
912 911 0
912 912 0
912 913 0
913 1333 0
913 1334 0
913 1335 14
913 1336 15
913 1337 0
914 1322 0
915 1322 0
916 1338 0
916 1339 0
917 1340 0
917 1341 0
917 1342 0
918 1343 0
918 1344 0
918 1345 0
919 1346 0
919 1347 0
919 1348 0
920 920 0
920 921 0
920 922 0
921 920 0
921 921 0
921 922 0
922 1349 0
923 1340 0
923 1341 0
923 1342 0
924 923 0
924 924 0
924 925 0
924 926 0
924 927 0
925 1340 0
925 1341 0
925 1342 0
926 923 0
926 924 0
926 925 0
926 926 0
926 927 0
927 1350 0
927 1351 0
927 1352 14
927 1353 15
927 1354 0
928 1343 0
928 1344 0
928 1345 0
929 928 0
929 929 0
929 930 0
929 931 0
929 932 0
930 1343 0
930 1344 0
930 1345 0
931 928 0
931 929 0
931 930 0
931 931 0
931 932 0
932 1355 0
932 1356 0
932 1357 14
932 1358 15
932 1359 0
933 1346 0
933 1347 0
933 1348 0
934 933 0
934 934 0
934 935 0
934 936 0
934 937 0
935 1346 0
935 1347 0
935 1348 0
936 933 0
936 934 0
936 935 0
936 936 0
936 937 0
937 1360 0
937 1361 0
937 1362 14
937 1363 15
937 1364 0
938 1349 0
939 1349 0
940 1365 0
940 1366 0
941 1367 0
941 1368 0
941 1369 0
942 1370 0
942 1371 0
942 1372 0
943 1373 0
943 1374 0
943 1375 0
944 944 0
944 945 0
944 946 0
945 944 0
945 945 0
945 946 0
946 1376 0
947 1367 0
947 1368 0
947 1369 0
948 947 0
948 948 0
948 949 0
948 950 0
948 951 0
949 1367 0
949 1368 0
949 1369 0
950 947 0
950 948 0
950 949 0
950 950 0
950 951 0
951 1377 0
951 1378 0
951 1379 14
951 1380 15
951 1381 0
952 1370 0
952 1371 0
952 1372 0
953 952 0
953 953 0
953 954 0
953 955 0
953 956 0
954 1370 0
954 1371 0
954 1372 0
955 952 0
955 953 0
955 954 0
955 955 0
955 956 0
956 1382 0
956 1383 0
956 1384 14
956 1385 15
956 1386 0
957 1373 0
957 1374 0
957 1375 0
958 957 0
958 958 0
958 959 0
958 960 0
958 961 0
959 1373 0
959 1374 0
959 1375 0
960 957 0
960 958 0
960 959 0
960 960 0
960 961 0
961 1387 0
961 1388 0
961 1389 14
961 1390 15
961 1391 0
962 1376 0
963 1376 0
964 1392 0
964 1393 0
965 1394 0
965 1395 0
965 1396 0
966 1397 0
966 1398 0
966 1399 0
967 1400 0
967 1401 0
967 1402 0
968 968 0
968 969 0
968 970 0
969 968 0
969 969 0
969 970 0
970 1403 0
971 1394 0
971 1395 0
971 1396 0
972 971 0
972 972 0
972 973 0
972 974 0
972 975 0
973 1394 0
973 1395 0
973 1396 0
974 971 0
974 972 0
974 973 0
974 974 0
974 975 0
975 1404 0
975 1405 0
975 1406 14
975 1407 15
975 1408 0
976 1397 0
976 1398 0
976 1399 0
977 976 0
977 977 0
977 978 0
977 979 0
977 980 0
978 1397 0
978 1398 0
978 1399 0
979 976 0
979 977 0
979 978 0
979 979 0
979 980 0
980 1409 0
980 1410 0
980 1411 14
980 1412 15
980 1413 0
981 1400 0
981 1401 0
981 1402 0
982 981 0
982 982 0
982 983 0
982 984 0
982 985 0
983 1400 0
983 1401 0
983 1402 0
984 981 0
984 982 0
984 983 0
984 984 0
984 985 0
985 1414 0
985 1415 0
985 1416 14
985 1417 15
985 1418 0
986 1403 0
987 1403 0
988 1419 0
988 1420 0
989 989 0
989 990 0
989 991 0
990 989 0
990 990 0
990 991 0
991 1421 14
991 1422 15
991 1423 0
992 992 0
992 993 0
992 994 0
993 992 0
993 993 0
993 994 0
994 1424 14
994 1425 15
994 1426 0
995 995 0
995 996 0
995 997 0
996 995 0
996 996 0
996 997 0
997 1427 14
997 1428 15
997 1429 0
999 1421 14
999 1422 15
999 1423 0
1000 1421 14
1000 1422 15
1000 1423 0
1001 1430 0
1001 1431 0
1001 1432 0
1002 1433 0
1002 1434 16
1002 1435 0
1002 1436 17
1002 1437 0
1003 1438 0
1003 1439 0
1004 1424 14
1004 1425 15
1004 1426 0
1005 1424 14
1005 1425 15
1005 1426 0
1006 1440 0
1006 1441 0
1006 1442 0
1007 1443 0
1007 1444 16
1007 1445 0
1007 1446 17
1007 1447 0
1008 1448 0
1008 1449 0
1009 1427 14
1009 1428 15
1009 1429 0
1010 1427 14
1010 1428 15
1010 1429 0
1011 1450 0
1011 1451 0
1011 1452 0
1012 1453 0
1012 1454 16
1012 1455 0
1012 1456 17
1012 1457 0
1013 1458 0
1013 1459 0
1016 1016 0
1016 1017 0
1016 1018 0
1017 1016 0
1017 1017 0
1017 1018 0
1018 1460 14
1018 1461 15
1018 1462 0
1019 1019 0
1019 1020 0
1019 1021 0
1020 1019 0
1020 1020 0
1020 1021 0
1021 1463 14
1021 1464 15
1021 1465 0
1022 1022 0
1022 1023 0
1022 1024 0
1023 1022 0
1023 1023 0
1023 1024 0
1024 1466 14
1024 1467 15
1024 1468 0
1026 1460 14
1026 1461 15
1026 1462 0
1027 1460 14
1027 1461 15
1027 1462 0
1028 1469 0
1028 1470 0
1028 1471 0
1029 1472 0
1029 1473 16
1029 1474 0
1029 1475 17
1029 1476 0
1030 1477 0
1030 1478 0
1031 1463 14
1031 1464 15
1031 1465 0
1032 1463 14
1032 1464 15
1032 1465 0
1033 1479 0
1033 1480 0
1033 1481 0
1034 1482 0
1034 1483 16
1034 1484 0
1034 1485 17
1034 1486 0
1035 1487 0
1035 1488 0
1036 1466 14
1036 1467 15
1036 1468 0
1037 1466 14
1037 1467 15
1037 1468 0
1038 1489 0
1038 1490 0
1038 1491 0
1039 1492 0
1039 1493 16
1039 1494 0
1039 1495 17
1039 1496 0
1040 1497 0
1040 1498 0
1043 1043 0
1043 1044 0
1043 1045 0
1044 1043 0
1044 1044 0
1044 1045 0
1045 1499 14
1045 1500 15
1045 1501 0
1046 1046 0
1046 1047 0
1046 1048 0
1047 1046 0
1047 1047 0
1047 1048 0
1048 1502 14
1048 1503 15
1048 1504 0
1049 1049 0
1049 1050 0
1049 1051 0
1050 1049 0
1050 1050 0
1050 1051 0
1051 1505 14
1051 1506 15
1051 1507 0
1053 1499 14
1053 1500 15
1053 1501 0
1054 1499 14
1054 1500 15
1054 1501 0
1055 1508 0
1055 1509 0
1055 1510 0
1056 1511 0
1056 1512 16
1056 1513 0
1056 1514 17
1056 1515 0
1057 1516 0
1057 1517 0
1058 1502 14
1058 1503 15
1058 1504 0
1059 1502 14
1059 1503 15
1059 1504 0
1060 1518 0
1060 1519 0
1060 1520 0
1061 1521 0
1061 1522 16
1061 1523 0
1061 1524 17
1061 1525 0
1062 1526 0
1062 1527 0
1063 1505 14
1063 1506 15
1063 1507 0
1064 1505 14
1064 1506 15
1064 1507 0
1065 1528 0
1065 1529 0
1065 1530 0
1066 1531 0
1066 1532 16
1066 1533 0
1066 1534 17
1066 1535 0
1067 1536 0
1067 1537 0
1070 1070 0
1070 1071 0
1070 1072 0
1071 1070 0
1071 1071 0
1071 1072 0
1072 1538 14
1072 1539 15
1072 1540 0
1073 1073 0
1073 1074 0
1073 1075 0
1074 1073 0
1074 1074 0
1074 1075 0
1075 1541 14
1075 1542 15
1075 1543 0
1076 1076 0
1076 1077 0
1076 1078 0
1077 1076 0
1077 1077 0
1077 1078 0
1078 1544 14
1078 1545 15
1078 1546 0
1080 1538 14
1080 1539 15
1080 1540 0
1081 1538 14
1081 1539 15
1081 1540 0
1082 1547 0
1082 1548 0
1082 1549 0
1083 1550 0
1083 1551 16
1083 1552 0
1083 1553 17
1083 1554 0
1084 1555 0
1084 1556 0
1085 1541 14
1085 1542 15
1085 1543 0
1086 1541 14
1086 1542 15
1086 1543 0
1087 1557 0
1087 1558 0
1087 1559 0
1088 1560 0
1088 1561 16
1088 1562 0
1088 1563 17
1088 1564 0
1089 1565 0
1089 1566 0
1090 1544 14
1090 1545 15
1090 1546 0
1091 1544 14
1091 1545 15
1091 1546 0
1092 1567 0
1092 1568 0
1092 1569 0
1093 1570 0
1093 1571 16
1093 1572 0
1093 1573 17
1093 1574 0
1094 1575 0
1094 1576 0
1097 1097 0
1097 1098 0
1097 1099 0
1098 1097 0
1098 1098 0
1098 1099 0
1099 1577 14
1099 1578 15
1099 1579 0
1100 1100 0
1100 1101 0
1100 1102 0
1101 1100 0
1101 1101 0
1101 1102 0
1102 1580 14
1102 1581 15
1102 1582 0
1103 1103 0
1103 1104 0
1103 1105 0
1104 1103 0
1104 1104 0
1104 1105 0
1105 1583 14
1105 1584 15
1105 1585 0
1107 1577 14
1107 1578 15
1107 1579 0
1108 1577 14
1108 1578 15
1108 1579 0
1109 1586 0
1109 1587 0
1109 1588 0
1110 1589 0
1110 1590 16
1110 1591 0
1110 1592 17
1110 1593 0
1111 1594 0
1111 1595 0
1112 1580 14
1112 1581 15
1112 1582 0
1113 1580 14
1113 1581 15
1113 1582 0
1114 1596 0
1114 1597 0
1114 1598 0
1115 1599 0
1115 1600 16
1115 1601 0
1115 1602 17
1115 1603 0
1116 1604 0
1116 1605 0
1117 1583 14
1117 1584 15
1117 1585 0
1118 1583 14
1118 1584 15
1118 1585 0
1119 1606 0
1119 1607 0
1119 1608 0
1120 1609 0
1120 1610 16
1120 1611 0
1120 1612 17
1120 1613 0
1121 1614 0
1121 1615 0
1124 1124 0
1124 1125 0
1124 1126 0
1125 1124 0
1125 1125 0
1125 1126 0
1126 1616 14
1126 1617 15
1126 1618 0
1127 1127 0
1127 1128 0
1127 1129 0
1128 1127 0
1128 1128 0
1128 1129 0
1129 1619 14
1129 1620 15
1129 1621 0
1130 1130 0
1130 1131 0
1130 1132 0
1131 1130 0
1131 1131 0
1131 1132 0
1132 1622 14
1132 1623 15
1132 1624 0
1134 1616 14
1134 1617 15
1134 1618 0
1135 1616 14
1135 1617 15
1135 1618 0
1136 1625 0
1136 1626 0
1136 1627 0
1137 1628 0
1137 1629 16
1137 1630 0
1137 1631 17
1137 1632 0
1138 1633 0
1138 1634 0
1139 1619 14
1139 1620 15
1139 1621 0
1140 1619 14
1140 1620 15
1140 1621 0
1141 1635 0
1141 1636 0
1141 1637 0
1142 1638 0
1142 1639 16
1142 1640 0
1142 1641 17
1142 1642 0
1143 1643 0
1143 1644 0
1144 1622 14
1144 1623 15
1144 1624 0
1145 1622 14
1145 1623 15
1145 1624 0
1146 1645 0
1146 1646 0
1146 1647 0
1147 1648 0
1147 1649 16
1147 1650 0
1147 1651 17
1147 1652 0
1148 1653 0
1148 1654 0
1151 1151 0
1151 1152 0
1151 1153 0
1152 1151 0
1152 1152 0
1152 1153 0
1153 1655 14
1153 1656 15
1153 1657 0
1154 1154 0
1154 1155 0
1154 1156 0
1155 1154 0
1155 1155 0
1155 1156 0
1156 1658 14
1156 1659 15
1156 1660 0
1157 1157 0
1157 1158 0
1157 1159 0
1158 1157 0
1158 1158 0
1158 1159 0
1159 1661 14
1159 1662 15
1159 1663 0
1161 1655 14
1161 1656 15
1161 1657 0
1162 1655 14
1162 1656 15
1162 1657 0
1163 1664 0
1163 1665 0
1163 1666 0
1164 1667 0
1164 1668 16
1164 1669 0
1164 1670 17
1164 1671 0
1165 1672 0
1165 1673 0
1166 1658 14
1166 1659 15
1166 1660 0
1167 1658 14
1167 1659 15
1167 1660 0
1168 1674 0
1168 1675 0
1168 1676 0
1169 1677 0
1169 1678 16
1169 1679 0
1169 1680 17
1169 1681 0
1170 1682 0
1170 1683 0
1171 1661 14
1171 1662 15
1171 1663 0
1172 1661 14
1172 1662 15
1172 1663 0
1173 1684 0
1173 1685 0
1173 1686 0
1174 1687 0
1174 1688 16
1174 1689 0
1174 1690 17
1174 1691 0
1175 1692 0
1175 1693 0
1178 1178 0
1178 1179 0
1178 1180 0
1179 1178 0
1179 1179 0
1179 1180 0
1180 1694 14
1180 1695 15
1180 1696 0
1181 1181 0
1181 1182 0
1181 1183 0
1182 1181 0
1182 1182 0
1182 1183 0
1183 1697 14
1183 1698 15
1183 1699 0
1184 1184 0
1184 1185 0
1184 1186 0
1185 1184 0
1185 1185 0
1185 1186 0
1186 1700 14
1186 1701 15
1186 1702 0
1188 1694 14
1188 1695 15
1188 1696 0
1189 1694 14
1189 1695 15
1189 1696 0
1190 1703 0
1190 1704 0
1190 1705 0
1191 1706 0
1191 1707 16
1191 1708 0
1191 1709 17
1191 1710 0
1192 1711 0
1192 1712 0
1193 1697 14
1193 1698 15
1193 1699 0
1194 1697 14
1194 1698 15
1194 1699 0
1195 1713 0
1195 1714 0
1195 1715 0
1196 1716 0
1196 1717 16
1196 1718 0
1196 1719 17
1196 1720 0
1197 1721 0
1197 1722 0
1198 1700 14
1198 1701 15
1198 1702 0
1199 1700 14
1199 1701 15
1199 1702 0
1200 1723 0
1200 1724 0
1200 1725 0
1201 1726 0
1201 1727 16
1201 1728 0
1201 1729 17
1201 1730 0
1202 1731 0
1202 1732 0
1205 1205 0
1205 1206 0
1205 1207 0
1206 1205 0
1206 1206 0
1206 1207 0
1207 1733 14
1207 1734 15
1207 1735 0
1208 1208 0
1208 1209 0
1208 1210 0
1209 1208 0
1209 1209 0
1209 1210 0
1210 1736 14
1210 1737 15
1210 1738 0
1211 1211 0
1211 1212 0
1211 1213 0
1212 1211 0
1212 1212 0
1212 1213 0
1213 1739 14
1213 1740 15
1213 1741 0
1215 1733 14
1215 1734 15
1215 1735 0
1216 1733 14
1216 1734 15
1216 1735 0
1217 1742 0
1217 1743 0
1217 1744 0
1218 1745 0
1218 1746 16
1218 1747 0
1218 1748 17
1218 1749 0
1219 1750 0
1219 1751 0
1220 1736 14
1220 1737 15
1220 1738 0
1221 1736 14
1221 1737 15
1221 1738 0
1222 1752 0
1222 1753 0
1222 1754 0
1223 1755 0
1223 1756 16
1223 1757 0
1223 1758 17
1223 1759 0
1224 1760 0
1224 1761 0
1225 1739 14
1225 1740 15
1225 1741 0
1226 1739 14
1226 1740 15
1226 1741 0
1227 1762 0
1227 1763 0
1227 1764 0
1228 1765 0
1228 1766 16
1228 1767 0
1228 1768 17
1228 1769 0
1229 1770 0
1229 1771 0
1232 1232 0
1232 1233 0
1232 1234 0
1233 1232 0
1233 1233 0
1233 1234 0
1234 1772 14
1234 1773 15
1234 1774 0
1235 1235 0
1235 1236 0
1235 1237 0
1236 1235 0
1236 1236 0
1236 1237 0
1237 1775 14
1237 1776 15
1237 1777 0
1238 1238 0
1238 1239 0
1238 1240 0
1239 1238 0
1239 1239 0
1239 1240 0
1240 1778 14
1240 1779 15
1240 1780 0
1242 1772 14
1242 1773 15
1242 1774 0
1243 1772 14
1243 1773 15
1243 1774 0
1244 1781 0
1244 1782 0
1244 1783 0
1245 1784 0
1245 1785 16
1245 1786 0
1245 1787 17
1245 1788 0
1246 1789 0
1246 1790 0
1247 1775 14
1247 1776 15
1247 1777 0
1248 1775 14
1248 1776 15
1248 1777 0
1249 1791 0
1249 1792 0
1249 1793 0
1250 1794 0
1250 1795 16
1250 1796 0
1250 1797 17
1250 1798 0
1251 1799 0
1251 1800 0
1252 1778 14
1252 1779 15
1252 1780 0
1253 1778 14
1253 1779 15
1253 1780 0
1254 1801 0
1254 1802 0
1254 1803 0
1255 1804 0
1255 1805 16
1255 1806 0
1255 1807 17
1255 1808 0
1256 1809 0
1256 1810 0
1259 1259 0
1259 1260 0
1259 1261 0
1260 1259 0
1260 1260 0
1260 1261 0
1261 1811 14
1261 1812 15
1261 1813 0
1262 1262 0
1262 1263 0
1262 1264 0
1263 1262 0
1263 1263 0
1263 1264 0
1264 1814 14
1264 1815 15
1264 1816 0
1265 1265 0
1265 1266 0
1265 1267 0
1266 1265 0
1266 1266 0
1266 1267 0
1267 1817 14
1267 1818 15
1267 1819 0
1269 1811 14
1269 1812 15
1269 1813 0
1270 1811 14
1270 1812 15
1270 1813 0
1271 1820 0
1271 1821 0
1271 1822 0
1272 1823 0
1272 1824 16
1272 1825 0
1272 1826 17
1272 1827 0
1273 1828 0
1273 1829 0
1274 1814 14
1274 1815 15
1274 1816 0
1275 1814 14
1275 1815 15
1275 1816 0
1276 1830 0
1276 1831 0
1276 1832 0
1277 1833 0
1277 1834 16
1277 1835 0
1277 1836 17
1277 1837 0
1278 1838 0
1278 1839 0
1279 1817 14
1279 1818 15
1279 1819 0
1280 1817 14
1280 1818 15
1280 1819 0
1281 1840 0
1281 1841 0
1281 1842 0
1282 1843 0
1282 1844 16
1282 1845 0
1282 1846 17
1282 1847 0
1283 1848 0
1283 1849 0
1286 1286 0
1286 1287 0
1286 1288 0
1287 1286 0
1287 1287 0
1287 1288 0
1288 1850 14
1288 1851 15
1288 1852 0
1289 1289 0
1289 1290 0
1289 1291 0
1290 1289 0
1290 1290 0
1290 1291 0
1291 1853 14
1291 1854 15
1291 1855 0
1292 1292 0
1292 1293 0
1292 1294 0
1293 1292 0
1293 1293 0
1293 1294 0
1294 1856 14
1294 1857 15
1294 1858 0
1296 1850 14
1296 1851 15
1296 1852 0
1297 1850 14
1297 1851 15
1297 1852 0
1298 1859 0
1298 1860 0
1298 1861 0
1299 1862 0
1299 1863 16
1299 1864 0
1299 1865 17
1299 1866 0
1300 1867 0
1300 1868 0
1301 1853 14
1301 1854 15
1301 1855 0
1302 1853 14
1302 1854 15
1302 1855 0
1303 1869 0
1303 1870 0
1303 1871 0
1304 1872 0
1304 1873 16
1304 1874 0
1304 1875 17
1304 1876 0
1305 1877 0
1305 1878 0
1306 1856 14
1306 1857 15
1306 1858 0
1307 1856 14
1307 1857 15
1307 1858 0
1308 1879 0
1308 1880 0
1308 1881 0
1309 1882 0
1309 1883 16
1309 1884 0
1309 1885 17
1309 1886 0
1310 1887 0
1310 1888 0
1313 1313 0
1313 1314 0
1313 1315 0
1314 1313 0
1314 1314 0
1314 1315 0
1315 1889 14
1315 1890 15
1315 1891 0
1316 1316 0
1316 1317 0
1316 1318 0
1317 1316 0
1317 1317 0
1317 1318 0
1318 1892 14
1318 1893 15
1318 1894 0
1319 1319 0
1319 1320 0
1319 1321 0
1320 1319 0
1320 1320 0
1320 1321 0
1321 1895 14
1321 1896 15
1321 1897 0
1323 1889 14
1323 1890 15
1323 1891 0
1324 1889 14
1324 1890 15
1324 1891 0
1325 1898 0
1325 1899 0
1325 1900 0
1326 1901 0
1326 1902 16
1326 1903 0
1326 1904 17
1326 1905 0
1327 1906 0
1327 1907 0
1328 1892 14
1328 1893 15
1328 1894 0
1329 1892 14
1329 1893 15
1329 1894 0
1330 1908 0
1330 1909 0
1330 1910 0
1331 1911 0
1331 1912 16
1331 1913 0
1331 1914 17
1331 1915 0
1332 1916 0
1332 1917 0
1333 1895 14
1333 1896 15
1333 1897 0
1334 1895 14
1334 1896 15
1334 1897 0
1335 1918 0
1335 1919 0
1335 1920 0
1336 1921 0
1336 1922 16
1336 1923 0
1336 1924 17
1336 1925 0
1337 1926 0
1337 1927 0
1340 1340 0
1340 1341 0
1340 1342 0
1341 1340 0
1341 1341 0
1341 1342 0
1342 1928 14
1342 1929 15
1342 1930 0
1343 1343 0
1343 1344 0
1343 1345 0
1344 1343 0
1344 1344 0
1344 1345 0
1345 1931 14
1345 1932 15
1345 1933 0
1346 1346 0
1346 1347 0
1346 1348 0
1347 1346 0
1347 1347 0
1347 1348 0
1348 1934 14
1348 1935 15
1348 1936 0
1350 1928 14
1350 1929 15
1350 1930 0
1351 1928 14
1351 1929 15
1351 1930 0
1352 1937 0
1352 1938 0
1352 1939 0
1353 1940 0
1353 1941 16
1353 1942 0
1353 1943 17
1353 1944 0
1354 1945 0
1354 1946 0
1355 1931 14
1355 1932 15
1355 1933 0
1356 1931 14
1356 1932 15
1356 1933 0
1357 1947 0
1357 1948 0
1357 1949 0
1358 1950 0
1358 1951 16
1358 1952 0
1358 1953 17
1358 1954 0
1359 1955 0
1359 1956 0
1360 1934 14
1360 1935 15
1360 1936 0
1361 1934 14
1361 1935 15
1361 1936 0
1362 1957 0
1362 1958 0
1362 1959 0
1363 1960 0
1363 1961 16
1363 1962 0
1363 1963 17
1363 1964 0
1364 1965 0
1364 1966 0
1367 1367 0
1367 1368 0
1367 1369 0
1368 1367 0
1368 1368 0
1368 1369 0
1369 1967 14
1369 1968 15
1369 1969 0
1370 1370 0
1370 1371 0
1370 1372 0
1371 1370 0
1371 1371 0
1371 1372 0
1372 1970 14
1372 1971 15
1372 1972 0
1373 1373 0
1373 1374 0
1373 1375 0
1374 1373 0
1374 1374 0
1374 1375 0
1375 1973 14
1375 1974 15
1375 1975 0
1377 1967 14
1377 1968 15
1377 1969 0
1378 1967 14
1378 1968 15
1378 1969 0
1379 1976 0
1379 1977 0
1379 1978 0
1380 1979 0
1380 1980 16
1380 1981 0
1380 1982 17
1380 1983 0
1381 1984 0
1381 1985 0
1382 1970 14
1382 1971 15
1382 1972 0
1383 1970 14
1383 1971 15
1383 1972 0
1384 1986 0
1384 1987 0
1384 1988 0
1385 1989 0
1385 1990 16
1385 1991 0
1385 1992 17
1385 1993 0
1386 1994 0
1386 1995 0
1387 1973 14
1387 1974 15
1387 1975 0
1388 1973 14
1388 1974 15
1388 1975 0
1389 1996 0
1389 1997 0
1389 1998 0
1390 1999 0
1390 2000 16
1390 2001 0
1390 2002 17
1390 2003 0
1391 2004 0
1391 2005 0
1394 1394 0
1394 1395 0
1394 1396 0
1395 1394 0
1395 1395 0
1395 1396 0
1396 2006 14
1396 2007 15
1396 2008 0
1397 1397 0
1397 1398 0
1397 1399 0
1398 1397 0
1398 1398 0
1398 1399 0
1399 2009 14
1399 2010 15
1399 2011 0
1400 1400 0
1400 1401 0
1400 1402 0
1401 1400 0
1401 1401 0
1401 1402 0
1402 2012 14
1402 2013 15
1402 2014 0
1404 2006 14
1404 2007 15
1404 2008 0
1405 2006 14
1405 2007 15
1405 2008 0
1406 2015 0
1406 2016 0
1406 2017 0
1407 2018 0
1407 2019 16
1407 2020 0
1407 2021 17
1407 2022 0
1408 2023 0
1408 2024 0
1409 2009 14
1409 2010 15
1409 2011 0
1410 2009 14
1410 2010 15
1410 2011 0
1411 2025 0
1411 2026 0
1411 2027 0
1412 2028 0
1412 2029 16
1412 2030 0
1412 2031 17
1412 2032 0
1413 2033 0
1413 2034 0
1414 2012 14
1414 2013 15
1414 2014 0
1415 2012 14
1415 2013 15
1415 2014 0
1416 2035 0
1416 2036 0
1416 2037 0
1417 2038 0
1417 2039 16
1417 2040 0
1417 2041 17
1417 2042 0
1418 2043 0
1418 2044 0
1421 2045 0
1422 2046 16
1422 2047 17
1422 2048 0
1424 2049 0
1425 2050 16
1425 2051 17
1425 2052 0
1427 2053 0
1428 2054 16
1428 2055 17
1428 2056 0
1430 2045 0
1431 2045 0
1432 2057 0
1432 2058 0
1433 2046 16
1433 2047 17
1433 2048 0
1434 2059 0
1434 2060 0
1434 2061 0
1435 2046 16
1435 2047 17
1435 2048 0
1436 2059 0
1436 2060 0
1436 2061 0
1437 2062 0
1437 2063 16
1437 2064 0
1437 2065 17
1440 2049 0
1441 2049 0
1442 2066 0
1442 2067 0
1443 2050 16
1443 2051 17
1443 2052 0
1444 2068 0
1444 2069 0
1444 2070 0
1445 2050 16
1445 2051 17
1445 2052 0
1446 2068 0
1446 2069 0
1446 2070 0
1447 2071 0
1447 2072 16
1447 2073 0
1447 2074 17
1450 2053 0
1451 2053 0
1452 2075 0
1452 2076 0
1453 2054 16
1453 2055 17
1453 2056 0
1454 2077 0
1454 2078 0
1454 2079 0
1455 2054 16
1455 2055 17
1455 2056 0
1456 2077 0
1456 2078 0
1456 2079 0
1457 2080 0
1457 2081 16
1457 2082 0
1457 2083 17
1460 2084 0
1461 2085 16
1461 2086 17
1461 2087 0
1463 2088 0
1464 2089 16
1464 2090 17
1464 2091 0
1466 2092 0
1467 2093 16
1467 2094 17
1467 2095 0
1469 2084 0
1470 2084 0
1471 2096 0
1471 2097 0
1472 2085 16
1472 2086 17
1472 2087 0
1473 2098 0
1473 2099 0
1473 2100 0
1474 2085 16
1474 2086 17
1474 2087 0
1475 2098 0
1475 2099 0
1475 2100 0
1476 2101 0
1476 2102 16
1476 2103 0
1476 2104 17
1479 2088 0
1480 2088 0
1481 2105 0
1481 2106 0
1482 2089 16
1482 2090 17
1482 2091 0
1483 2107 0
1483 2108 0
1483 2109 0
1484 2089 16
1484 2090 17
1484 2091 0
1485 2107 0
1485 2108 0
1485 2109 0
1486 2110 0
1486 2111 16
1486 2112 0
1486 2113 17
1489 2092 0
1490 2092 0
1491 2114 0
1491 2115 0
1492 2093 16
1492 2094 17
1492 2095 0
1493 2116 0
1493 2117 0
1493 2118 0
1494 2093 16
1494 2094 17
1494 2095 0
1495 2116 0
1495 2117 0
1495 2118 0
1496 2119 0
1496 2120 16
1496 2121 0
1496 2122 17
1499 2123 0
1500 2124 16
1500 2125 17
1500 2126 0
1502 2127 0
1503 2128 16
1503 2129 17
1503 2130 0
1505 2131 0
1506 2132 16
1506 2133 17
1506 2134 0
1508 2123 0
1509 2123 0
1510 2135 0
1510 2136 0
1511 2124 16
1511 2125 17
1511 2126 0
1512 2137 0
1512 2138 0
1512 2139 0
1513 2124 16
1513 2125 17
1513 2126 0
1514 2137 0
1514 2138 0
1514 2139 0
1515 2140 0
1515 2141 16
1515 2142 0
1515 2143 17
1518 2127 0
1519 2127 0
1520 2144 0
1520 2145 0
1521 2128 16
1521 2129 17
1521 2130 0
1522 2146 0
1522 2147 0
1522 2148 0
1523 2128 16
1523 2129 17
1523 2130 0
1524 2146 0
1524 2147 0
1524 2148 0
1525 2149 0
1525 2150 16
1525 2151 0
1525 2152 17
1528 2131 0
1529 2131 0
1530 2153 0
1530 2154 0
1531 2132 16
1531 2133 17
1531 2134 0
1532 2155 0
1532 2156 0
1532 2157 0
1533 2132 16
1533 2133 17
1533 2134 0
1534 2155 0
1534 2156 0
1534 2157 0
1535 2158 0
1535 2159 16
1535 2160 0
1535 2161 17
1538 2162 0
1539 2163 16
1539 2164 17
1539 2165 0
1541 2166 0
1542 2167 16
1542 2168 17
1542 2169 0
1544 2170 0
1545 2171 16
1545 2172 17
1545 2173 0
1547 2162 0
1548 2162 0
1549 2174 0
1549 2175 0
1550 2163 16
1550 2164 17
1550 2165 0
1551 2176 0
1551 2177 0
1551 2178 0
1552 2163 16
1552 2164 17
1552 2165 0
1553 2176 0
1553 2177 0
1553 2178 0
1554 2179 0
1554 2180 16
1554 2181 0
1554 2182 17
1557 2166 0
1558 2166 0
1559 2183 0
1559 2184 0
1560 2167 16
1560 2168 17
1560 2169 0
1561 2185 0
1561 2186 0
1561 2187 0
1562 2167 16
1562 2168 17
1562 2169 0
1563 2185 0
1563 2186 0
1563 2187 0
1564 2188 0
1564 2189 16
1564 2190 0
1564 2191 17
1567 2170 0
1568 2170 0
1569 2192 0
1569 2193 0
1570 2171 16
1570 2172 17
1570 2173 0
1571 2194 0
1571 2195 0
1571 2196 0
1572 2171 16
1572 2172 17
1572 2173 0
1573 2194 0
1573 2195 0
1573 2196 0
1574 2197 0
1574 2198 16
1574 2199 0
1574 2200 17
1577 2201 0
1578 2202 16
1578 2203 17
1578 2204 0
1580 2205 0
1581 2206 16
1581 2207 17
1581 2208 0
1583 2209 0
1584 2210 16
1584 2211 17
1584 2212 0
1586 2201 0
1587 2201 0
1588 2213 0
1588 2214 0
1589 2202 16
1589 2203 17
1589 2204 0
1590 2215 0
1590 2216 0
1590 2217 0
1591 2202 16
1591 2203 17
1591 2204 0
1592 2215 0
1592 2216 0
1592 2217 0
1593 2218 0
1593 2219 16
1593 2220 0
1593 2221 17
1596 2205 0
1597 2205 0
1598 2222 0
1598 2223 0
1599 2206 16
1599 2207 17
1599 2208 0
1600 2224 0
1600 2225 0
1600 2226 0
1601 2206 16
1601 2207 17
1601 2208 0
1602 2224 0
1602 2225 0
1602 2226 0
1603 2227 0
1603 2228 16
1603 2229 0
1603 2230 17
1606 2209 0
1607 2209 0
1608 2231 0
1608 2232 0
1609 2210 16
1609 2211 17
1609 2212 0
1610 2233 0
1610 2234 0
1610 2235 0
1611 2210 16
1611 2211 17
1611 2212 0
1612 2233 0
1612 2234 0
1612 2235 0
1613 2236 0
1613 2237 16
1613 2238 0
1613 2239 17
1616 2240 0
1617 2241 16
1617 2242 17
1617 2243 0
1619 2244 0
1620 2245 16
1620 2246 17
1620 2247 0
1622 2248 0
1623 2249 16
1623 2250 17
1623 2251 0
1625 2240 0
1626 2240 0
1627 2252 0
1627 2253 0
1628 2241 16
1628 2242 17
1628 2243 0
1629 2254 0
1629 2255 0
1629 2256 0
1630 2241 16
1630 2242 17
1630 2243 0
1631 2254 0
1631 2255 0
1631 2256 0
1632 2257 0
1632 2258 16
1632 2259 0
1632 2260 17
1635 2244 0
1636 2244 0
1637 2261 0
1637 2262 0
1638 2245 16
1638 2246 17
1638 2247 0
1639 2263 0
1639 2264 0
1639 2265 0
1640 2245 16
1640 2246 17
1640 2247 0
1641 2263 0
1641 2264 0
1641 2265 0
1642 2266 0
1642 2267 16
1642 2268 0
1642 2269 17
1645 2248 0
1646 2248 0
1647 2270 0
1647 2271 0
1648 2249 16
1648 2250 17
1648 2251 0
1649 2272 0
1649 2273 0
1649 2274 0
1650 2249 16
1650 2250 17
1650 2251 0
1651 2272 0
1651 2273 0
1651 2274 0
1652 2275 0
1652 2276 16
1652 2277 0
1652 2278 17
1655 2279 0
1656 2280 16
1656 2281 17
1656 2282 0
1658 2283 0
1659 2284 16
1659 2285 17
1659 2286 0
1661 2287 0
1662 2288 16
1662 2289 17
1662 2290 0
1664 2279 0
1665 2279 0
1666 2291 0
1666 2292 0
1667 2280 16
1667 2281 17
1667 2282 0
1668 2293 0
1668 2294 0
1668 2295 0
1669 2280 16
1669 2281 17
1669 2282 0
1670 2293 0
1670 2294 0
1670 2295 0
1671 2296 0
1671 2297 16
1671 2298 0
1671 2299 17
1674 2283 0
1675 2283 0
1676 2300 0
1676 2301 0
1677 2284 16
1677 2285 17
1677 2286 0
1678 2302 0
1678 2303 0
1678 2304 0
1679 2284 16
1679 2285 17
1679 2286 0
1680 2302 0
1680 2303 0
1680 2304 0
1681 2305 0
1681 2306 16
1681 2307 0
1681 2308 17
1684 2287 0
1685 2287 0
1686 2309 0
1686 2310 0
1687 2288 16
1687 2289 17
1687 2290 0
1688 2311 0
1688 2312 0
1688 2313 0
1689 2288 16
1689 2289 17
1689 2290 0
1690 2311 0
1690 2312 0
1690 2313 0
1691 2314 0
1691 2315 16
1691 2316 0
1691 2317 17
1694 2318 0
1695 2319 16
1695 2320 17
1695 2321 0
1697 2322 0
1698 2323 16
1698 2324 17
1698 2325 0
1700 2326 0
1701 2327 16
1701 2328 17
1701 2329 0
1703 2318 0
1704 2318 0
1705 2330 0
1705 2331 0
1706 2319 16
1706 2320 17
1706 2321 0
1707 2332 0
1707 2333 0
1707 2334 0
1708 2319 16
1708 2320 17
1708 2321 0
1709 2332 0
1709 2333 0
1709 2334 0
1710 2335 0
1710 2336 16
1710 2337 0
1710 2338 17
1713 2322 0
1714 2322 0
1715 2339 0
1715 2340 0
1716 2323 16
1716 2324 17
1716 2325 0
1717 2341 0
1717 2342 0
1717 2343 0
1718 2323 16
1718 2324 17
1718 2325 0
1719 2341 0
1719 2342 0
1719 2343 0
1720 2344 0
1720 2345 16
1720 2346 0
1720 2347 17
1723 2326 0
1724 2326 0
1725 2348 0
1725 2349 0
1726 2327 16
1726 2328 17
1726 2329 0
1727 2350 0
1727 2351 0
1727 2352 0
1728 2327 16
1728 2328 17
1728 2329 0
1729 2350 0
1729 2351 0
1729 2352 0
1730 2353 0
1730 2354 16
1730 2355 0
1730 2356 17
1733 2357 0
1734 2358 16
1734 2359 17
1734 2360 0
1736 2361 0
1737 2362 16
1737 2363 17
1737 2364 0
1739 2365 0
1740 2366 16
1740 2367 17
1740 2368 0
1742 2357 0
1743 2357 0
1744 2369 0
1744 2370 0
1745 2358 16
1745 2359 17
1745 2360 0
1746 2371 0
1746 2372 0
1746 2373 0
1747 2358 16
1747 2359 17
1747 2360 0
1748 2371 0
1748 2372 0
1748 2373 0
1749 2374 0
1749 2375 16
1749 2376 0
1749 2377 17
1752 2361 0
1753 2361 0
1754 2378 0
1754 2379 0
1755 2362 16
1755 2363 17
1755 2364 0
1756 2380 0
1756 2381 0
1756 2382 0
1757 2362 16
1757 2363 17
1757 2364 0
1758 2380 0
1758 2381 0
1758 2382 0
1759 2383 0
1759 2384 16
1759 2385 0
1759 2386 17
1762 2365 0
1763 2365 0
1764 2387 0
1764 2388 0
1765 2366 16
1765 2367 17
1765 2368 0
1766 2389 0
1766 2390 0
1766 2391 0
1767 2366 16
1767 2367 17
1767 2368 0
1768 2389 0
1768 2390 0
1768 2391 0
1769 2392 0
1769 2393 16
1769 2394 0
1769 2395 17
1772 2396 0
1773 2397 16
1773 2398 17
1773 2399 0
1775 2400 0
1776 2401 16
1776 2402 17
1776 2403 0
1778 2404 0
1779 2405 16
1779 2406 17
1779 2407 0
1781 2396 0
1782 2396 0
1783 2408 0
1783 2409 0
1784 2397 16
1784 2398 17
1784 2399 0
1785 2410 0
1785 2411 0
1785 2412 0
1786 2397 16
1786 2398 17
1786 2399 0
1787 2410 0
1787 2411 0
1787 2412 0
1788 2413 0
1788 2414 16
1788 2415 0
1788 2416 17
1791 2400 0
1792 2400 0
1793 2417 0
1793 2418 0
1794 2401 16
1794 2402 17
1794 2403 0
1795 2419 0
1795 2420 0
1795 2421 0
1796 2401 16
1796 2402 17
1796 2403 0
1797 2419 0
1797 2420 0
1797 2421 0
1798 2422 0
1798 2423 16
1798 2424 0
1798 2425 17
1801 2404 0
1802 2404 0
1803 2426 0
1803 2427 0
1804 2405 16
1804 2406 17
1804 2407 0
1805 2428 0
1805 2429 0
1805 2430 0
1806 2405 16
1806 2406 17
1806 2407 0
1807 2428 0
1807 2429 0
1807 2430 0
1808 2431 0
1808 2432 16
1808 2433 0
1808 2434 17
1811 2435 0
1812 2436 16
1812 2437 17
1812 2438 0
1814 2439 0
1815 2440 16
1815 2441 17
1815 2442 0
1817 2443 0
1818 2444 16
1818 2445 17
1818 2446 0
1820 2435 0
1821 2435 0
1822 2447 0
1822 2448 0
1823 2436 16
1823 2437 17
1823 2438 0
1824 2449 0
1824 2450 0
1824 2451 0
1825 2436 16
1825 2437 17
1825 2438 0
1826 2449 0
1826 2450 0
1826 2451 0
1827 2452 0
1827 2453 16
1827 2454 0
1827 2455 17
1830 2439 0
1831 2439 0
1832 2456 0
1832 2457 0
1833 2440 16
1833 2441 17
1833 2442 0
1834 2458 0
1834 2459 0
1834 2460 0
1835 2440 16
1835 2441 17
1835 2442 0
1836 2458 0
1836 2459 0
1836 2460 0
1837 2461 0
1837 2462 16
1837 2463 0
1837 2464 17
1840 2443 0
1841 2443 0
1842 2465 0
1842 2466 0
1843 2444 16
1843 2445 17
1843 2446 0
1844 2467 0
1844 2468 0
1844 2469 0
1845 2444 16
1845 2445 17
1845 2446 0
1846 2467 0
1846 2468 0
1846 2469 0
1847 2470 0
1847 2471 16
1847 2472 0
1847 2473 17
1850 2474 0
1851 2475 16
1851 2476 17
1851 2477 0
1853 2478 0
1854 2479 16
1854 2480 17
1854 2481 0
1856 2482 0
1857 2483 16
1857 2484 17
1857 2485 0
1859 2474 0
1860 2474 0
1861 2486 0
1861 2487 0
1862 2475 16
1862 2476 17
1862 2477 0
1863 2488 0
1863 2489 0
1863 2490 0
1864 2475 16
1864 2476 17
1864 2477 0
1865 2488 0
1865 2489 0
1865 2490 0
1866 2491 0
1866 2492 16
1866 2493 0
1866 2494 17
1869 2478 0
1870 2478 0
1871 2495 0
1871 2496 0
1872 2479 16
1872 2480 17
1872 2481 0
1873 2497 0
1873 2498 0
1873 2499 0
1874 2479 16
1874 2480 17
1874 2481 0
1875 2497 0
1875 2498 0
1875 2499 0
1876 2500 0
1876 2501 16
1876 2502 0
1876 2503 17
1879 2482 0
1880 2482 0
1881 2504 0
1881 2505 0
1882 2483 16
1882 2484 17
1882 2485 0
1883 2506 0
1883 2507 0
1883 2508 0
1884 2483 16
1884 2484 17
1884 2485 0
1885 2506 0
1885 2507 0
1885 2508 0
1886 2509 0
1886 2510 16
1886 2511 0
1886 2512 17
1889 2513 0
1890 2514 16
1890 2515 17
1890 2516 0
1892 2517 0
1893 2518 16
1893 2519 17
1893 2520 0
1895 2521 0
1896 2522 16
1896 2523 17
1896 2524 0
1898 2513 0
1899 2513 0
1900 2525 0
1900 2526 0
1901 2514 16
1901 2515 17
1901 2516 0
1902 2527 0
1902 2528 0
1902 2529 0
1903 2514 16
1903 2515 17
1903 2516 0
1904 2527 0
1904 2528 0
1904 2529 0
1905 2530 0
1905 2531 16
1905 2532 0
1905 2533 17
1908 2517 0
1909 2517 0
1910 2534 0
1910 2535 0
1911 2518 16
1911 2519 17
1911 2520 0
1912 2536 0
1912 2537 0
1912 2538 0
1913 2518 16
1913 2519 17
1913 2520 0
1914 2536 0
1914 2537 0
1914 2538 0
1915 2539 0
1915 2540 16
1915 2541 0
1915 2542 17
1918 2521 0
1919 2521 0
1920 2543 0
1920 2544 0
1921 2522 16
1921 2523 17
1921 2524 0
1922 2545 0
1922 2546 0
1922 2547 0
1923 2522 16
1923 2523 17
1923 2524 0
1924 2545 0
1924 2546 0
1924 2547 0
1925 2548 0
1925 2549 16
1925 2550 0
1925 2551 17
1928 2552 0
1929 2553 16
1929 2554 17
1929 2555 0
1931 2556 0
1932 2557 16
1932 2558 17
1932 2559 0
1934 2560 0
1935 2561 16
1935 2562 17
1935 2563 0
1937 2552 0
1938 2552 0
1939 2564 0
1939 2565 0
1940 2553 16
1940 2554 17
1940 2555 0
1941 2566 0
1941 2567 0
1941 2568 0
1942 2553 16
1942 2554 17
1942 2555 0
1943 2566 0
1943 2567 0
1943 2568 0
1944 2569 0
1944 2570 16
1944 2571 0
1944 2572 17
1947 2556 0
1948 2556 0
1949 2573 0
1949 2574 0
1950 2557 16
1950 2558 17
1950 2559 0
1951 2575 0
1951 2576 0
1951 2577 0
1952 2557 16
1952 2558 17
1952 2559 0
1953 2575 0
1953 2576 0
1953 2577 0
1954 2578 0
1954 2579 16
1954 2580 0
1954 2581 17
1957 2560 0
1958 2560 0
1959 2582 0
1959 2583 0
1960 2561 16
1960 2562 17
1960 2563 0
1961 2584 0
1961 2585 0
1961 2586 0
1962 2561 16
1962 2562 17
1962 2563 0
1963 2584 0
1963 2585 0
1963 2586 0
1964 2587 0
1964 2588 16
1964 2589 0
1964 2590 17
1967 2591 0
1968 2592 16
1968 2593 17
1968 2594 0
1970 2595 0
1971 2596 16
1971 2597 17
1971 2598 0
1973 2599 0
1974 2600 16
1974 2601 17
1974 2602 0
1976 2591 0
1977 2591 0
1978 2603 0
1978 2604 0
1979 2592 16
1979 2593 17
1979 2594 0
1980 2605 0
1980 2606 0
1980 2607 0
1981 2592 16
1981 2593 17
1981 2594 0
1982 2605 0
1982 2606 0
1982 2607 0
1983 2608 0
1983 2609 16
1983 2610 0
1983 2611 17
1986 2595 0
1987 2595 0
1988 2612 0
1988 2613 0
1989 2596 16
1989 2597 17
1989 2598 0
1990 2614 0
1990 2615 0
1990 2616 0
1991 2596 16
1991 2597 17
1991 2598 0
1992 2614 0
1992 2615 0
1992 2616 0
1993 2617 0
1993 2618 16
1993 2619 0
1993 2620 17
1996 2599 0
1997 2599 0
1998 2621 0
1998 2622 0
1999 2600 16
1999 2601 17
1999 2602 0
2000 2623 0
2000 2624 0
2000 2625 0
2001 2600 16
2001 2601 17
2001 2602 0
2002 2623 0
2002 2624 0
2002 2625 0
2003 2626 0
2003 2627 16
2003 2628 0
2003 2629 17
2006 2630 0
2007 2631 16
2007 2632 17
2007 2633 0
2009 2634 0
2010 2635 16
2010 2636 17
2010 2637 0
2012 2638 0
2013 2639 16
2013 2640 17
2013 2641 0
2015 2630 0
2016 2630 0
2017 2642 0
2017 2643 0
2018 2631 16
2018 2632 17
2018 2633 0
2019 2644 0
2019 2645 0
2019 2646 0
2020 2631 16
2020 2632 17
2020 2633 0
2021 2644 0
2021 2645 0
2021 2646 0
2022 2647 0
2022 2648 16
2022 2649 0
2022 2650 17
2025 2634 0
2026 2634 0
2027 2651 0
2027 2652 0
2028 2635 16
2028 2636 17
2028 2637 0
2029 2653 0
2029 2654 0
2029 2655 0
2030 2635 16
2030 2636 17
2030 2637 0
2031 2653 0
2031 2654 0
2031 2655 0
2032 2656 0
2032 2657 16
2032 2658 0
2032 2659 17
2035 2638 0
2036 2638 0
2037 2660 0
2037 2661 0
2038 2639 16
2038 2640 17
2038 2641 0
2039 2662 0
2039 2663 0
2039 2664 0
2040 2639 16
2040 2640 17
2040 2641 0
2041 2662 0
2041 2663 0
2041 2664 0
2042 2665 0
2042 2666 16
2042 2667 0
2042 2668 17
2046 2669 0
2047 2669 0
2048 2670 16
2048 2671 17
2050 2672 0
2051 2672 0
2052 2673 16
2052 2674 17
2054 2675 0
2055 2675 0
2056 2676 16
2056 2677 17
2059 2669 0
2060 2669 0
2061 2678 0
2061 2679 0
2062 2670 16
2062 2671 17
2063 2678 0
2063 2679 0
2064 2670 16
2064 2671 17
2065 2678 0
2065 2679 0
2068 2672 0
2069 2672 0
2070 2680 0
2070 2681 0
2071 2673 16
2071 2674 17
2072 2680 0
2072 2681 0
2073 2673 16
2073 2674 17
2074 2680 0
2074 2681 0
2077 2675 0
2078 2675 0
2079 2682 0
2079 2683 0
2080 2676 16
2080 2677 17
2081 2682 0
2081 2683 0
2082 2676 16
2082 2677 17
2083 2682 0
2083 2683 0
2085 2684 0
2086 2684 0
2087 2685 16
2087 2686 17
2089 2687 0
2090 2687 0
2091 2688 16
2091 2689 17
2093 2690 0
2094 2690 0
2095 2691 16
2095 2692 17
2098 2684 0
2099 2684 0
2100 2693 0
2100 2694 0
2101 2685 16
2101 2686 17
2102 2693 0
2102 2694 0
2103 2685 16
2103 2686 17
2104 2693 0
2104 2694 0
2107 2687 0
2108 2687 0
2109 2695 0
2109 2696 0
2110 2688 16
2110 2689 17
2111 2695 0
2111 2696 0
2112 2688 16
2112 2689 17
2113 2695 0
2113 2696 0
2116 2690 0
2117 2690 0
2118 2697 0
2118 2698 0
2119 2691 16
2119 2692 17
2120 2697 0
2120 2698 0
2121 2691 16
2121 2692 17
2122 2697 0
2122 2698 0
2124 2699 0
2125 2699 0
2126 2700 16
2126 2701 17
2128 2702 0
2129 2702 0
2130 2703 16
2130 2704 17
2132 2705 0
2133 2705 0
2134 2706 16
2134 2707 17
2137 2699 0
2138 2699 0
2139 2708 0
2139 2709 0
2140 2700 16
2140 2701 17
2141 2708 0
2141 2709 0
2142 2700 16
2142 2701 17
2143 2708 0
2143 2709 0
2146 2702 0
2147 2702 0
2148 2710 0
2148 2711 0
2149 2703 16
2149 2704 17
2150 2710 0
2150 2711 0
2151 2703 16
2151 2704 17
2152 2710 0
2152 2711 0
2155 2705 0
2156 2705 0
2157 2712 0
2157 2713 0
2158 2706 16
2158 2707 17
2159 2712 0
2159 2713 0
2160 2706 16
2160 2707 17
2161 2712 0
2161 2713 0
2163 2714 0
2164 2714 0
2165 2715 16
2165 2716 17
2167 2717 0
2168 2717 0
2169 2718 16
2169 2719 17
2171 2720 0
2172 2720 0
2173 2721 16
2173 2722 17
2176 2714 0
2177 2714 0
2178 2723 0
2178 2724 0
2179 2715 16
2179 2716 17
2180 2723 0
2180 2724 0
2181 2715 16
2181 2716 17
2182 2723 0
2182 2724 0
2185 2717 0
2186 2717 0
2187 2725 0
2187 2726 0
2188 2718 16
2188 2719 17
2189 2725 0
2189 2726 0
2190 2718 16
2190 2719 17
2191 2725 0
2191 2726 0
2194 2720 0
2195 2720 0
2196 2727 0
2196 2728 0
2197 2721 16
2197 2722 17
2198 2727 0
2198 2728 0
2199 2721 16
2199 2722 17
2200 2727 0
2200 2728 0
2202 2729 0
2203 2729 0
2204 2730 16
2204 2731 17
2206 2732 0
2207 2732 0
2208 2733 16
2208 2734 17
2210 2735 0
2211 2735 0
2212 2736 16
2212 2737 17
2215 2729 0
2216 2729 0
2217 2738 0
2217 2739 0
2218 2730 16
2218 2731 17
2219 2738 0
2219 2739 0
2220 2730 16
2220 2731 17
2221 2738 0
2221 2739 0
2224 2732 0
2225 2732 0
2226 2740 0
2226 2741 0
2227 2733 16
2227 2734 17
2228 2740 0
2228 2741 0
2229 2733 16
2229 2734 17
2230 2740 0
2230 2741 0
2233 2735 0
2234 2735 0
2235 2742 0
2235 2743 0
2236 2736 16
2236 2737 17
2237 2742 0
2237 2743 0
2238 2736 16
2238 2737 17
2239 2742 0
2239 2743 0
2241 2744 0
2242 2744 0
2243 2745 16
2243 2746 17
2245 2747 0
2246 2747 0
2247 2748 16
2247 2749 17
2249 2750 0
2250 2750 0
2251 2751 16
2251 2752 17
2254 2744 0
2255 2744 0
2256 2753 0
2256 2754 0
2257 2745 16
2257 2746 17
2258 2753 0
2258 2754 0
2259 2745 16
2259 2746 17
2260 2753 0
2260 2754 0
2263 2747 0
2264 2747 0
2265 2755 0
2265 2756 0
2266 2748 16
2266 2749 17
2267 2755 0
2267 2756 0
2268 2748 16
2268 2749 17
2269 2755 0
2269 2756 0
2272 2750 0
2273 2750 0
2274 2757 0
2274 2758 0
2275 2751 16
2275 2752 17
2276 2757 0
2276 2758 0
2277 2751 16
2277 2752 17
2278 2757 0
2278 2758 0
2280 2759 0
2281 2759 0
2282 2760 16
2282 2761 17
2284 2762 0
2285 2762 0
2286 2763 16
2286 2764 17
2288 2765 0
2289 2765 0
2290 2766 16
2290 2767 17
2293 2759 0
2294 2759 0
2295 2768 0
2295 2769 0
2296 2760 16
2296 2761 17
2297 2768 0
2297 2769 0
2298 2760 16
2298 2761 17
2299 2768 0
2299 2769 0
2302 2762 0
2303 2762 0
2304 2770 0
2304 2771 0
2305 2763 16
2305 2764 17
2306 2770 0
2306 2771 0
2307 2763 16
2307 2764 17
2308 2770 0
2308 2771 0
2311 2765 0
2312 2765 0
2313 2772 0
2313 2773 0
2314 2766 16
2314 2767 17
2315 2772 0
2315 2773 0
2316 2766 16
2316 2767 17
2317 2772 0
2317 2773 0
2319 2774 0
2320 2774 0
2321 2775 16
2321 2776 17
2323 2777 0
2324 2777 0
2325 2778 16
2325 2779 17
2327 2780 0
2328 2780 0
2329 2781 16
2329 2782 17
2332 2774 0
2333 2774 0
2334 2783 0
2334 2784 0
2335 2775 16
2335 2776 17
2336 2783 0
2336 2784 0
2337 2775 16
2337 2776 17
2338 2783 0
2338 2784 0
2341 2777 0
2342 2777 0
2343 2785 0
2343 2786 0
2344 2778 16
2344 2779 17
2345 2785 0
2345 2786 0
2346 2778 16
2346 2779 17
2347 2785 0
2347 2786 0
2350 2780 0
2351 2780 0
2352 2787 0
2352 2788 0
2353 2781 16
2353 2782 17
2354 2787 0
2354 2788 0
2355 2781 16
2355 2782 17
2356 2787 0
2356 2788 0
2358 2789 0
2359 2789 0
2360 2790 16
2360 2791 17
2362 2792 0
2363 2792 0
2364 2793 16
2364 2794 17
2366 2795 0
2367 2795 0
2368 2796 16
2368 2797 17
2371 2789 0
2372 2789 0
2373 2798 0
2373 2799 0
2374 2790 16
2374 2791 17
2375 2798 0
2375 2799 0
2376 2790 16
2376 2791 17
2377 2798 0
2377 2799 0
2380 2792 0
2381 2792 0
2382 2800 0
2382 2801 0
2383 2793 16
2383 2794 17
2384 2800 0
2384 2801 0
2385 2793 16
2385 2794 17
2386 2800 0
2386 2801 0
2389 2795 0
2390 2795 0
2391 2802 0
2391 2803 0
2392 2796 16
2392 2797 17
2393 2802 0
2393 2803 0
2394 2796 16
2394 2797 17
2395 2802 0
2395 2803 0
2397 2804 0
2398 2804 0
2399 2805 16
2399 2806 17
2401 2807 0
2402 2807 0
2403 2808 16
2403 2809 17
2405 2810 0
2406 2810 0
2407 2811 16
2407 2812 17
2410 2804 0
2411 2804 0
2412 2813 0
2412 2814 0
2413 2805 16
2413 2806 17
2414 2813 0
2414 2814 0
2415 2805 16
2415 2806 17
2416 2813 0
2416 2814 0
2419 2807 0
2420 2807 0
2421 2815 0
2421 2816 0
2422 2808 16
2422 2809 17
2423 2815 0
2423 2816 0
2424 2808 16
2424 2809 17
2425 2815 0
2425 2816 0
2428 2810 0
2429 2810 0
2430 2817 0
2430 2818 0
2431 2811 16
2431 2812 17
2432 2817 0
2432 2818 0
2433 2811 16
2433 2812 17
2434 2817 0
2434 2818 0
2436 2819 0
2437 2819 0
2438 2820 16
2438 2821 17
2440 2822 0
2441 2822 0
2442 2823 16
2442 2824 17
2444 2825 0
2445 2825 0
2446 2826 16
2446 2827 17
2449 2819 0
2450 2819 0
2451 2828 0
2451 2829 0
2452 2820 16
2452 2821 17
2453 2828 0
2453 2829 0
2454 2820 16
2454 2821 17
2455 2828 0
2455 2829 0
2458 2822 0
2459 2822 0
2460 2830 0
2460 2831 0
2461 2823 16
2461 2824 17
2462 2830 0
2462 2831 0
2463 2823 16
2463 2824 17
2464 2830 0
2464 2831 0
2467 2825 0
2468 2825 0
2469 2832 0
2469 2833 0
2470 2826 16
2470 2827 17
2471 2832 0
2471 2833 0
2472 2826 16
2472 2827 17
2473 2832 0
2473 2833 0
2475 2834 0
2476 2834 0
2477 2835 16
2477 2836 17
2479 2837 0
2480 2837 0
2481 2838 16
2481 2839 17
2483 2840 0
2484 2840 0
2485 2841 16
2485 2842 17
2488 2834 0
2489 2834 0
2490 2843 0
2490 2844 0
2491 2835 16
2491 2836 17
2492 2843 0
2492 2844 0
2493 2835 16
2493 2836 17
2494 2843 0
2494 2844 0
2497 2837 0
2498 2837 0
2499 2845 0
2499 2846 0
2500 2838 16
2500 2839 17
2501 2845 0
2501 2846 0
2502 2838 16
2502 2839 17
2503 2845 0
2503 2846 0
2506 2840 0
2507 2840 0
2508 2847 0
2508 2848 0
2509 2841 16
2509 2842 17
2510 2847 0
2510 2848 0
2511 2841 16
2511 2842 17
2512 2847 0
2512 2848 0
2514 2849 0
2515 2849 0
2516 2850 16
2516 2851 17
2518 2852 0
2519 2852 0
2520 2853 16
2520 2854 17
2522 2855 0
2523 2855 0
2524 2856 16
2524 2857 17
2527 2849 0
2528 2849 0
2529 2858 0
2529 2859 0
2530 2850 16
2530 2851 17
2531 2858 0
2531 2859 0
2532 2850 16
2532 2851 17
2533 2858 0
2533 2859 0
2536 2852 0
2537 2852 0
2538 2860 0
2538 2861 0
2539 2853 16
2539 2854 17
2540 2860 0
2540 2861 0
2541 2853 16
2541 2854 17
2542 2860 0
2542 2861 0
2545 2855 0
2546 2855 0
2547 2862 0
2547 2863 0
2548 2856 16
2548 2857 17
2549 2862 0
2549 2863 0
2550 2856 16
2550 2857 17
2551 2862 0
2551 2863 0
2553 2864 0
2554 2864 0
2555 2865 16
2555 2866 17
2557 2867 0
2558 2867 0
2559 2868 16
2559 2869 17
2561 2870 0
2562 2870 0
2563 2871 16
2563 2872 17
2566 2864 0
2567 2864 0
2568 2873 0
2568 2874 0
2569 2865 16
2569 2866 17
2570 2873 0
2570 2874 0
2571 2865 16
2571 2866 17
2572 2873 0
2572 2874 0
2575 2867 0
2576 2867 0
2577 2875 0
2577 2876 0
2578 2868 16
2578 2869 17
2579 2875 0
2579 2876 0
2580 2868 16
2580 2869 17
2581 2875 0
2581 2876 0
2584 2870 0
2585 2870 0
2586 2877 0
2586 2878 0
2587 2871 16
2587 2872 17
2588 2877 0
2588 2878 0
2589 2871 16
2589 2872 17
2590 2877 0
2590 2878 0
2592 2879 0
2593 2879 0
2594 2880 16
2594 2881 17
2596 2882 0
2597 2882 0
2598 2883 16
2598 2884 17
2600 2885 0
2601 2885 0
2602 2886 16
2602 2887 17
2605 2879 0
2606 2879 0
2607 2888 0
2607 2889 0
2608 2880 16
2608 2881 17
2609 2888 0
2609 2889 0
2610 2880 16
2610 2881 17
2611 2888 0
2611 2889 0
2614 2882 0
2615 2882 0
2616 2890 0
2616 2891 0
2617 2883 16
2617 2884 17
2618 2890 0
2618 2891 0
2619 2883 16
2619 2884 17
2620 2890 0
2620 2891 0
2623 2885 0
2624 2885 0
2625 2892 0
2625 2893 0
2626 2886 16
2626 2887 17
2627 2892 0
2627 2893 0
2628 2886 16
2628 2887 17
2629 2892 0
2629 2893 0
2631 2894 0
2632 2894 0
2633 2895 16
2633 2896 17
2635 2897 0
2636 2897 0
2637 2898 16
2637 2899 17
2639 2900 0
2640 2900 0
2641 2901 16
2641 2902 17
2644 2894 0
2645 2894 0
2646 2903 0
2646 2904 0
2647 2895 16
2647 2896 17
2648 2903 0
2648 2904 0
2649 2895 16
2649 2896 17
2650 2903 0
2650 2904 0
2653 2897 0
2654 2897 0
2655 2905 0
2655 2906 0
2656 2898 16
2656 2899 17
2657 2905 0
2657 2906 0
2658 2898 16
2658 2899 17
2659 2905 0
2659 2906 0
2662 2900 0
2663 2900 0
2664 2907 0
2664 2908 0
2665 2901 16
2665 2902 17
2666 2907 0
2666 2908 0
2667 2901 16
2667 2902 17
2668 2907 0
2668 2908 0
227
1 0
1 1
1 2
1 3
1 4
2 5 6
1 7
1 8
2 9 10
1 11
1 12
2 13 15
2 16 14
2 17 19
2 18 20
6 35 36 21 23 29 30
6 32 33 38 39 22 24
6 41 42 47 48 25 27
6 44 45 50 51 26 28
2 37 31
2 40 34
2 49 43
2 52 46
4 65 63 53 55
4 56 66 64 54
6 96 67 102 104 57 94
4 58 60 70 68
4 59 69 61 71
6 98 100 72 106 108 62
4 73 83 75 85
4 74 76 86 84
6 77 110 112 118 87 120
4 80 90 88 78
4 89 81 91 79
6 124 82 114 116 122 92
4 101 103 93 95
4 107 97 99 105
4 117 119 109 111
4 123 113 115 121
4 129 130 125 126
4 128 131 132 127
4 137 138 133 134
4 136 139 140 135
4 145 146 141 142
4 144 147 148 143
4 153 154 149 150
4 152 155 156 151
4 167 165 157 159
2 160 158
4 169 161 163 171
2 162 164
2 168 166
2 170 172
4 183 181 173 175
2 176 174
4 185 177 179 187
2 178 180
2 184 182
2 186 188
2 189 190
2 192 191
2 193 194
2 195 196
2 197 198
2 200 199
2 201 202
2 203 204
6 227 228 205 206 221 222
6 233 234 239 208 207 240
6 209 210 245 246 251 252
6 257 258 263 264 211 212
6 269 270 275 276 213 214
6 288 215 216 281 282 287
6 293 294 299 300 217 218
6 305 306 311 312 219 220
78 1030 1035 1040 605 606 607 611 612 613 614 616 617 618 619 621 622 623 624 629 630 631 635 636 637 638 640 641 642 643 645 646 647 648 223 224 225 229 230 231 317 318 319 321 322 323 324 325 326 327 328 329 335 336 337 339 340 341 342 343 344 345 346 347 989 990 992 993 995 996 1003 1008 1013 1016 1017 1019 1020 1022 1023
26 650 651 652 320 330 331 332 333 334 338 348 349 350 351 352 608 226 609 610 232 626 627 628 632 633 634
78 1043 1044 1046 1047 1049 1050 1057 1062 1067 1070 1071 1073 1074 1076 1077 1084 1089 1094 653 654 655 659 660 661 662 664 665 666 667 669 670 671 672 677 678 679 683 684 685 686 688 689 690 691 693 694 695 696 235 236 237 241 242 243 353 354 355 357 358 359 360 361 362 363 364 365 371 372 373 375 376 377 378 379 380 381 382 383
26 384 385 386 387 388 656 657 658 674 675 676 680 681 682 698 699 700 356 366 238 367 368 369 370 244 374
78 1097 1098 1100 1101 1103 1104 1111 1116 1121 1124 1125 1127 1128 1130 1131 1138 1143 1148 701 702 703 707 708 709 710 712 713 714 715 717 718 719 720 725 726 727 731 732 733 734 736 737 738 739 741 742 743 744 247 248 249 253 254 255 389 390 391 393 394 395 396 397 398 399 400 401 407 408 409 411 412 413 414 415 416 417 418 419
26 256 392 402 403 404 405 406 410 420 421 422 423 424 704 705 706 722 723 724 728 729 730 746 747 748 250
78 1151 1152 1154 1155 1157 1158 1165 1170 1175 1178 1179 1181 1182 1184 1185 1192 1197 1202 749 750 751 755 756 757 758 760 761 762 763 765 766 767 768 259 260 261 773 774 775 265 266 267 779 780 781 782 784 785 786 787 789 790 791 792 425 426 427 429 430 431 432 433 434 435 436 437 443 444 445 447 448 449 450 451 452 453 454 455
26 770 771 772 262 776 777 778 268 794 795 796 428 438 439 440 441 442 446 456 457 458 459 460 752 753 754
78 1205 1206 1208 1209 1211 1212 1219 1224 1229 1232 1233 1235 1236 1238 1239 1246 1251 1256 271 272 273 277 278 279 797 798 799 803 804 805 806 808 809 810 811 813 814 815 816 821 822 823 827 828 829 830 832 833 834 835 837 838 839 840 461 462 463 465 466 467 468 469 470 471 472 473 479 480 481 483 484 485 486 487 488 489 490 491
26 274 280 800 801 802 818 819 820 824 825 826 842 843 844 464 474 475 476 477 478 482 492 493 494 495 496
78 515 516 517 519 520 521 522 523 524 525 526 527 1259 1260 1262 1263 1265 1266 1273 1278 1283 1286 1287 1289 1290 1292 1293 1300 1305 283 284 285 1310 289 290 291 845 846 847 851 852 853 854 856 857 858 859 861 862 863 864 869 870 871 875 876 877 878 880 881 882 883 885 886 887 888 497 498 499 501 502 503 504 505 506 507 508 509
26 512 513 514 518 528 529 530 531 532 286 292 848 849 850 866 867 868 872 873 874 500 890 891 892 510 511
78 533 534 535 537 538 539 540 541 542 543 544 545 551 552 553 555 556 557 558 559 560 561 562 563 1313 1314 1316 1317 295 296 297 1319 1320 301 302 303 1327 1332 1337 1340 1341 1343 1344 1346 1347 1354 1359 1364 893 894 895 899 900 901 902 904 905 906 907 909 910 911 912 917 918 919 923 924 925 926 928 929 930 931 933 934 935 936
26 896 897 898 914 915 916 536 920 921 922 546 547 548 549 550 298 554 938 939 940 304 564 565 566 567 568
78 569 570 571 573 574 575 576 577 578 579 580 581 587 588 589 591 592 593 594 595 596 597 598 599 307 308 309 313 314 315 1367 1368 1370 1371 1373 1374 1381 1386 1391 1394 1395 1397 1398 1400 1401 1408 1413 1418 941 942 943 947 948 949 950 952 953 954 955 957 958 959 960 965 966 967 971 972 973 974 976 977 978 979 981 982 983 984
26 944 945 946 310 316 572 962 963 964 582 583 584 585 586 968 969 970 590 600 601 602 603 604 986 987 988
24 1024 1026 1027 644 1031 1032 649 1036 1037 991 994 997 615 999 1000 620 1004 1005 625 1009 1010 1018 1021 639
24 1045 663 1048 1051 668 1053 1054 673 1058 1059 1063 1064 687 1072 1075 692 1078 1080 697 1081 1085 1086 1090 1091
24 711 1099 716 1102 721 1105 1107 1108 1112 1113 1117 1118 735 740 1126 745 1129 1132 1134 1135 1139 1140 1144 1145
24 769 1153 1156 1159 1161 1162 1166 783 1167 1171 788 1172 793 1180 1183 1186 1188 1189 1193 1194 1198 1199 759 764
24 807 812 817 1207 1210 1213 1215 1216 831 836 1220 1221 841 1225 1226 1234 1237 1240 1242 1243 1247 1248 1252 1253
24 1280 1288 1291 1294 1296 1297 1301 1302 1306 1307 855 860 865 1261 879 1264 1267 884 1269 1270 889 1274 1275 1279
24 903 908 913 927 1315 932 1318 937 1321 1323 1324 1328 1329 1333 1334 1342 1345 1348 1350 1351 1355 1356 1360 1361
24 1409 1410 1414 1415 951 956 961 975 980 1369 985 1372 1375 1377 1378 1382 1383 1387 1388 1396 1399 1402 1404 1405
6 1025 998 1041 1042 1014 1015
12 1028 1033 1001 1421 1006 1038 1424 1011 1427 1460 1463 1466
12 1476 1029 1447 1002 1034 1486 1007 1039 1457 1012 1496 1437
6 1095 1096 1068 1069 1079 1052
12 1505 1538 1060 1092 1541 1544 1065 1082 1499 1055 1502 1087
12 1056 1088 1061 1093 1574 1066 1515 1554 1525 1083 1564 1535
6 1122 1123 1133 1106 1149 1150
12 1146 1577 1580 1583 1136 1616 1619 1141 1109 1622 1114 1119
12 1120 1632 1603 1642 1147 1613 1137 1652 1142 1110 1593 1115
6 1187 1160 1203 1204 1176 1177
12 1697 1700 1190 1195 1163 1168 1200 1173 1655 1658 1661 1694
12 1730 1191 1671 1196 1164 1710 1169 1201 1681 1174 1720 1691
6 1257 1258 1230 1231 1241 1214
12 1217 1249 1733 1222 1254 1736 1227 1739 1772 1775 1778 1244
12 1218 1250 1798 1223 1255 1769 1228 1808 1749 1788 1245 1759
6 1312 1284 1285 1295 1268 1311
12 1856 1281 1298 1811 1308 1814 1303 1817 1850 1271 1276 1853
12 1304 1282 1827 1866 1837 1299 1876 1847 1272 1309 1277 1886
6 1349 1322 1365 1366 1338 1339
12 1889 1892 1895 1352 1928 1931 1357 1325 1934 1330 1362 1335
12 1954 1925 1353 1964 1326 1358 1905 1331 1363 1944 1336 1915
6 1376 1419 1420 1392 1393 1403
12 1379 1411 1384 1416 1389 1967 1970 1973 2006 2009 2012 1406
12 1380 1412 2022 1385 1417 1993 1390 2032 2003 1983 2042 1407
18 1472 1474 1443 1445 1482 1484 1453 1422 1455 1425 1428 1461 1467 1492 1464 1433 1494 1435
18 1477 1478 1448 1449 1497 1423 1487 1488 1426 1458 1459 1429 1462 1465 1498 1468 1438 1439
18 1440 1441 1442 1479 1480 1481 1450 1451 1452 1489 1490 1491 1430 1431 1432 1469 1470 1471
9 2081 2050 1444 2054 1454 2063 2072 1434 2046
18 2113 1475 2051 2083 1446 2055 2086 2090 2122 1485 2094 1456 2065 1495 2104 2074 1436 2047
9 1473 2085 2120 2089 1483 2093 1493 2102 2111
18 1506 1539 1570 1572 1542 1511 1513 1545 1550 1552 1521 1523 1560 1562 1531 1500 1533 1503
18 1504 1536 1537 1507 1540 1565 1543 1575 1576 1546 1516 1517 1555 1556 1526 1527 1501 1566
18 1568 1569 1508 1509 1510 1547 1548 1549 1518 1519 1520 1557 1558 1559 1528 1529 1530 1567
9 2150 1512 2124 2159 2128 1522 2132 1532 2141
18 1573 2182 2152 1514 2125 2191 1553 2129 2161 1524 2133 2164 2168 1563 2172 2200 1534 2143
9 1571 2180 2189 1551 2163 2198 2167 1561 2171
18 1601 1623 1638 1640 1609 1578 1611 1581 1584 1617 1648 1650 1620 1589 1591 1628 1630 1599
18 1633 1634 1604 1605 1579 1643 1644 1582 1614 1615 1585 1618 1621 1653 1654 1624 1594 1595
18 1635 1636 1637 1606 1607 1608 1645 1646 1647 1586 1587 1588 1625 1626 1627 1596 1597 1598
18 1600 2241 2210 2276 2245 1639 2249 1610 2219 1649 2258 2228 1590 2237 2202 2267 1629 2206
9 2239 1602 2211 1612 2221 2230 1592 2203 2207
9 2242 2246 2278 1641 2250 1651 2260 2269 1631
18 1728 1698 1667 1669 1701 1706 1708 1677 1726 1679 1716 1718 1687 1656 1689 1659 1662 1695
18 1696 1692 1699 1731 1732 1702 1672 1673 1711 1712 1682 1683 1721 1657 1722 1660 1693 1663
18 1664 1665 1666 1703 1704 1705 1674 1675 1676 1713 1714 1715 1684 1685 1686 1723 1724 1725
18 2336 2306 1668 2280 2345 1707 2284 2315 1678 2319 2288 2354 2323 1717 2327 1688 2297 1727
9 2308 1670 2281 2285 2317 1680 2289 1690 2299
9 1729 2338 2347 1709 2320 2324 2356 1719 2328
18 1794 1796 1765 1734 1767 1737 1740 1773 1804 1806 1776 1745 1747 1779 1784 1786 1755 1757
18 1760 1761 1735 1799 1800 1738 1770 1771 1741 1774 1777 1809 1810 1780 1750 1751 1789 1790
18 1792 1793 1762 1763 1764 1801 1802 1803 1742 1743 1744 1781 1782 1783 1752 1753 1754 1791
9 1766 2375 2384 1746 2358 2393 2362 1756 2366
18 2398 2402 2434 1797 2406 1768 2377 1807 2416 2363 2386 2395 1748 2359 2425 1787 1758 2367
9 2432 2401 1795 2405 1805 2414 2423 1785 2397
18 1825 1857 1862 1864 1833 1835 1872 1874 1843 1812 1845 1815 1818 1851 1884 1882 1854 1823
18 1888 1858 1828 1829 1867 1868 1838 1839 1848 1813 1877 1878 1816 1849 1887 1819 1852 1855
18 1859 1860 1861 1830 1831 1832 1869 1870 1871 1840 1841 1842 1879 1880 1881 1820 1821 1822
9 1824 2436 2471 2440 1834 2444 1844 2453 2462
18 2464 1826 2437 2503 1865 2441 2473 1836 2445 2476 2480 2512 1875 2484 1846 2455 1885 2494
9 2501 1863 2475 2510 2479 1873 2483 1883 2492
18 1952 1921 1890 1923 1893 1896 1929 1960 1962 1932 1901 1903 1935 1940 1942 1911 1913 1950
18 1891 1955 1956 1894 1926 1927 1897 1930 1933 1965 1966 1936 1906 1907 1945 1946 1916 1917
18 1920 1957 1958 1959 1898 1899 1900 1937 1938 1939 1908 1909 1910 1947 1948 1949 1918 1919
18 2561 1922 2531 1961 2570 2540 1902 2514 2579 1941 2518 2549 1912 2553 2522 2588 2557 1951
9 2551 1924 2533 2542 1904 2515 2519 1914 2523
9 1953 2562 2590 1963 2572 2581 1943 2554 2558
18 2018 2040 2020 1989 1991 2028 2030 1999 1968 2001 2013 1971 1974 2007 2038 2010 1979 1981
18 1984 1985 2023 2024 2043 1994 1995 1969 2033 2034 1972 2004 2005 1975 2008 2011 2044 2014
18 2016 2017 1986 1987 1988 2025 2026 2027 1996 1997 1998 2035 2036 2037 1976 1977 1978 2015
18 2592 2657 2019 2596 2627 1990 2631 2600 2666 2635 2029 2639 2000 2609 2039 2648 2618 1980
9 2593 2597 2629 1992 2601 2002 2611 2620 1982
9 2659 2021 2632 2636 2668 2031 2640 2041 2650
18 2049 2114 2115 2084 2053 2088 2057 2058 2092 2096 2097 2066 2067 2105 2106 2075 2076 2045
18 2048 2080 2082 2112 2052 2087 2056 2119 2121 2091 2062 2095 2064 2101 2103 2071 2073 2110
18 2116 2117 2118 2059 2060 2061 2098 2099 2068 2069 2070 2100 2109 2107 2108 2077 2078 2079
18 2144 2145 2183 2184 2153 2154 2123 2127 2192 2193 2162 2131 2166 2135 2136 2170 2174 2175
18 2179 2149 2181 2151 2188 2126 2158 2160 2190 2130 2165 2134 2197 2199 2169 2140 2173 2142
18 2176 2177 2146 2147 2148 2178 2185 2186 2155 2156 2157 2187 2194 2195 2196 2137 2138 2139
18 2240 2209 2244 2213 2214 2248 2252 2253 2222 2223 2261 2262 2231 2232 2201 2205 2270 2271
18 2208 2243 2212 2275 2277 2247 2218 2251 2220 2257 2236 2227 2259 2229 2268 2266 2204 2238
18 2272 2273 2274 2265 2215 2216 2217 2254 2255 2224 2225 2226 2256 2263 2264 2233 2234 2235
18 2339 2340 2309 2310 2279 2283 2348 2349 2318 2287 2322 2291 2292 2326 2330 2331 2300 2301
18 2305 2337 2307 2344 2282 2314 2316 2346 2286 2321 2290 2353 2355 2325 2296 2329 2298 2335
18 2304 2341 2342 2311 2312 2313 2343 2350 2351 2352 2334 2293 2294 2295 2332 2333 2302 2303
18 2400 2369 2370 2404 2408 2409 2378 2379 2417 2418 2387 2388 2357 2361 2426 2427 2396 2365
18 2368 2433 2392 2403 2424 2374 2407 2376 2431 2413 2383 2415 2385 2422 2360 2394 2364 2399
18 2371 2372 2373 2410 2411 2380 2381 2382 2412 2419 2420 2389 2390 2391 2421 2428 2429 2430
18 2496 2465 2466 2435 2439 2504 2505 2474 2443 2478 2447 2448 2482 2486 2487 2456 2457 2495
18 2500 2438 2470 2472 2502 2442 2477 2446 2509 2511 2481 2452 2485 2454 2491 2461 2493 2463
18 2497 2498 2467 2468 2469 2499 2506 2507 2508 2490 2449 2450 2451 2488 2489 2458 2459 2460
18 2560 2564 2565 2534 2535 2573 2574 2543 2544 2513 2517 2582 2583 2552 2521 2556 2525 2526
18 2530 2563 2532 2587 2569 2539 2571 2541 2578 2516 2548 2550 2580 2520 2555 2524 2589 2559
18 2528 2529 2566 2567 2536 2537 2538 2568 2575 2576 2545 2546 2547 2577 2584 2585 2586 2527
18 2595 2660 2661 2630 2599 2634 2603 2604 2638 2642 2643 2612 2613 2651 2652 2621 2622 2591
18 2656 2594 2626 2628 2658 2598 2633 2602 2665 2667 2637 2608 2641 2610 2649 2647 2617 2619
18 2624 2625 2662 2663 2664 2605 2606 2607 2655 2644 2645 2614 2615 2616 2646 2653 2654 2623
18 2690 2693 2694 2695 2696 2697 2698 2669 2672 2675 2678 2679 2680 2681 2682 2683 2684 2687
3 2673 2676 2670
6 2689 2692 2671 2674 2677 2686
3 2688 2691 2685
18 2720 2723 2724 2725 2726 2727 2728 2699 2702 2705 2708 2709 2710 2711 2712 2713 2714 2717
3 2706 2700 2703
6 2722 2701 2704 2707 2716 2719
3 2721 2715 2718
18 2753 2754 2755 2756 2757 2758 2729 2732 2735 2738 2739 2740 2741 2742 2743 2744 2747 2750
6 2730 2733 2736 2745 2748 2751
3 2737 2731 2734
3 2752 2746 2749
18 2784 2785 2786 2787 2788 2759 2762 2765 2768 2769 2770 2771 2772 2773 2774 2777 2780 2783
6 2760 2763 2766 2775 2778 2781
3 2761 2764 2767
3 2776 2779 2782
18 2816 2817 2818 2789 2792 2795 2798 2799 2800 2801 2802 2803 2804 2807 2810 2813 2814 2815
3 2793 2796 2790
6 2791 2794 2797 2806 2809 2812
3 2808 2811 2805
18 2848 2819 2822 2825 2828 2829 2830 2831 2832 2833 2834 2837 2840 2843 2844 2845 2846 2847
3 2826 2820 2823
6 2821 2824 2827 2836 2839 2842
3 2841 2835 2838
18 2849 2852 2855 2858 2859 2860 2861 2862 2863 2864 2867 2870 2873 2874 2875 2876 2877 2878
6 2850 2853 2856 2865 2868 2871
3 2857 2851 2854
3 2872 2866 2869
18 2882 2885 2888 2889 2890 2891 2892 2893 2894 2897 2900 2903 2904 2905 2906 2907 2908 2879
6 2880 2883 2886 2895 2898 2901
3 2881 2884 2887
3 2896 2899 2902
1600
223
224
229
230
235
236
241
242
247
248
253
254
259
260
265
266
271
272
277
278
283
284
289
290
295
296
301
302
307
308
313
314
317
318
321
322
323
324
325
326
335
336
339
340
341
342
343
344
353
354
357
358
359
360
361
362
371
372
375
376
377
378
379
380
389
390
393
394
395
396
397
398
407
408
411
412
413
414
415
416
425
426
429
430
431
432
433
434
443
444
447
448
449
450
451
452
461
462
465
466
467
468
469
470
479
480
483
484
485
486
487
488
497
498
501
502
503
504
505
506
515
516
519
520
521
522
523
524
533
534
537
538
539
540
541
542
551
552
555
556
557
558
559
560
569
570
573
574
575
576
577
578
587
588
591
592
593
594
595
596
605
606
611
612
613
614
615
616
617
618
619
620
629
630
635
636
637
638
639
640
641
642
643
644
653
654
659
660
661
662
663
664
665
666
667
668
677
678
683
684
685
686
687
688
689
690
691
692
701
702
707
708
709
710
711
712
713
714
715
716
725
726
731
732
733
734
735
736
737
738
739
740
749
750
755
756
757
758
759
760
761
762
763
764
773
774
779
780
781
782
783
784
785
786
787
788
797
798
803
804
805
806
807
808
809
810
811
812
821
822
827
828
829
830
831
832
833
834
835
836
845
846
851
852
853
854
855
856
857
858
859
860
869
870
875
876
877
878
879
880
881
882
883
884
893
894
899
900
901
902
903
904
905
906
907
908
917
918
923
924
925
926
927
928
929
930
931
932
941
942
947
948
949
950
951
952
953
954
955
956
965
966
971
972
973
974
975
976
977
978
979
980
989
990
991
992
993
994
999
1000
1001
1002
1003
1004
1005
1006
1007
1008
1016
1017
1018
1019
1020
1021
1026
1027
1028
1029
1030
1031
1032
1033
1034
1035
1043
1044
1045
1046
1047
1048
1053
1054
1055
1056
1057
1058
1059
1060
1061
1062
1070
1071
1072
1073
1074
1075
1080
1081
1082
1083
1084
1085
1086
1087
1088
1089
1097
1098
1099
1100
1101
1102
1107
1108
1109
1110
1111
1112
1113
1114
1115
1116
1124
1125
1126
1127
1128
1129
1134
1135
1136
1137
1138
1139
1140
1141
1142
1143
1151
1152
1153
1154
1155
1156
1161
1162
1163
1164
1165
1166
1167
1168
1169
1170
1178
1179
1180
1181
1182
1183
1188
1189
1190
1191
1192
1193
1194
1195
1196
1197
1205
1206
1207
1208
1209
1210
1215
1216
1217
1218
1219
1220
1221
1222
1223
1224
1232
1233
1234
1235
1236
1237
1242
1243
1244
1245
1246
1247
1248
1249
1250
1251
1259
1260
1261
1262
1263
1264
1269
1270
1271
1272
1273
1274
1275
1276
1277
1278
1286
1287
1288
1289
1290
1291
1296
1297
1298
1299
1300
1301
1302
1303
1304
1305
1313
1314
1315
1316
1317
1318
1323
1324
1325
1326
1327
1328
1329
1330
1331
1332
1340
1341
1342
1343
1344
1345
1350
1351
1352
1353
1354
1355
1356
1357
1358
1359
1367
1368
1369
1370
1371
1372
1377
1378
1379
1380
1381
1382
1383
1384
1385
1386
1394
1395
1396
1397
1398
1399
1404
1405
1406
1407
1408
1409
1410
1411
1412
1413
1421
1422
1423
1424
1425
1426
1430
1431
1432
1433
1434
1435
1436
1437
1438
1439
1440
1441
1442
1443
1444
1445
1446
1447
1448
1449
1460
1461
1462
1463
1464
1465
1469
1470
1471
1472
1473
1474
1475
1476
1477
1478
1479
1480
1481
1482
1483
1484
1485
1486
1487
1488
1499
1500
1501
1502
1503
1504
1508
1509
1510
1511
1512
1513
1514
1515
1516
1517
1518
1519
1520
1521
1522
1523
1524
1525
1526
1527
1538
1539
1540
1541
1542
1543
1547
1548
1549
1550
1551
1552
1553
1554
1555
1556
1557
1558
1559
1560
1561
1562
1563
1564
1565
1566
1577
1578
1579
1580
1581
1582
1586
1587
1588
1589
1590
1591
1592
1593
1594
1595
1596
1597
1598
1599
1600
1601
1602
1603
1604
1605
1616
1617
1618
1619
1620
1621
1625
1626
1627
1628
1629
1630
1631
1632
1633
1634
1635
1636
1637
1638
1639
1640
1641
1642
1643
1644
1655
1656
1657
1658
1659
1660
1664
1665
1666
1667
1668
1669
1670
1671
1672
1673
1674
1675
1676
1677
1678
1679
1680
1681
1682
1683
1694
1695
1696
1697
1698
1699
1703
1704
1705
1706
1707
1708
1709
1710
1711
1712
1713
1714
1715
1716
1717
1718
1719
1720
1721
1722
1733
1734
1735
1736
1737
1738
1742
1743
1744
1745
1746
1747
1748
1749
1750
1751
1752
1753
1754
1755
1756
1757
1758
1759
1760
1761
1772
1773
1774
1775
1776
1777
1781
1782
1783
1784
1785
1786
1787
1788
1789
1790
1791
1792
1793
1794
1795
1796
1797
1798
1799
1800
1811
1812
1813
1814
1815
1816
1820
1821
1822
1823
1824
1825
1826
1827
1828
1829
1830
1831
1832
1833
1834
1835
1836
1837
1838
1839
1850
1851
1852
1853
1854
1855
1859
1860
1861
1862
1863
1864
1865
1866
1867
1868
1869
1870
1871
1872
1873
1874
1875
1876
1877
1878
1889
1890
1891
1892
1893
1894
1898
1899
1900
1901
1902
1903
1904
1905
1906
1907
1908
1909
1910
1911
1912
1913
1914
1915
1916
1917
1928
1929
1930
1931
1932
1933
1937
1938
1939
1940
1941
1942
1943
1944
1945
1946
1947
1948
1949
1950
1951
1952
1953
1954
1955
1956
1967
1968
1969
1970
1971
1972
1976
1977
1978
1979
1980
1981
1982
1983
1984
1985
1986
1987
1988
1989
1990
1991
1992
1993
1994
1995
2006
2007
2008
2009
2010
2011
2015
2016
2017
2018
2019
2020
2021
2022
2023
2024
2025
2026
2027
2028
2029
2030
2031
2032
2033
2034
2045
2046
2047
2048
2049
2050
2051
2052
2057
2058
2059
2060
2061
2062
2063
2064
2065
2066
2067
2068
2069
2070
2071
2072
2073
2074
2084
2085
2086
2087
2088
2089
2090
2091
2096
2097
2098
2099
2100
2101
2102
2103
2104
2105
2106
2107
2108
2109
2110
2111
2112
2113
2123
2124
2125
2126
2127
2128
2129
2130
2135
2136
2137
2138
2139
2140
2141
2142
2143
2144
2145
2146
2147
2148
2149
2150
2151
2152
2162
2163
2164
2165
2166
2167
2168
2169
2174
2175
2176
2177
2178
2179
2180
2181
2182
2183
2184
2185
2186
2187
2188
2189
2190
2191
2201
2202
2203
2204
2205
2206
2207
2208
2213
2214
2215
2216
2217
2218
2219
2220
2221
2222
2223
2224
2225
2226
2227
2228
2229
2230
2240
2241
2242
2243
2244
2245
2246
2247
2252
2253
2254
2255
2256
2257
2258
2259
2260
2261
2262
2263
2264
2265
2266
2267
2268
2269
2279
2280
2281
2282
2283
2284
2285
2286
2291
2292
2293
2294
2295
2296
2297
2298
2299
2300
2301
2302
2303
2304
2305
2306
2307
2308
2318
2319
2320
2321
2322
2323
2324
2325
2330
2331
2332
2333
2334
2335
2336
2337
2338
2339
2340
2341
2342
2343
2344
2345
2346
2347
2357
2358
2359
2360
2361
2362
2363
2364
2369
2370
2371
2372
2373
2374
2375
2376
2377
2378
2379
2380
2381
2382
2383
2384
2385
2386
2396
2397
2398
2399
2400
2401
2402
2403
2408
2409
2410
2411
2412
2413
2414
2415
2416
2417
2418
2419
2420
2421
2422
2423
2424
2425
2435
2436
2437
2438
2439
2440
2441
2442
2447
2448
2449
2450
2451
2452
2453
2454
2455
2456
2457
2458
2459
2460
2461
2462
2463
2464
2474
2475
2476
2477
2478
2479
2480
2481
2486
2487
2488
2489
2490
2491
2492
2493
2494
2495
2496
2497
2498
2499
2500
2501
2502
2503
2513
2514
2515
2516
2517
2518
2519
2520
2525
2526
2527
2528
2529
2530
2531
2532
2533
2534
2535
2536
2537
2538
2539
2540
2541
2542
2552
2553
2554
2555
2556
2557
2558
2559
2564
2565
2566
2567
2568
2569
2570
2571
2572
2573
2574
2575
2576
2577
2578
2579
2580
2581
2591
2592
2593
2594
2595
2596
2597
2598
2603
2604
2605
2606
2607
2608
2609
2610
2611
2612
2613
2614
2615
2616
2617
2618
2619
2620
2630
2631
2632
2633
2634
2635
2636
2637
2642
2643
2644
2645
2646
2647
2648
2649
2650
2651
2652
2653
2654
2655
2656
2657
2658
2659
2669
2670
2671
2672
2673
2674
2678
2679
2680
2681
2684
2685
2686
2687
2688
2689
2693
2694
2695
2696
2699
2700
2701
2702
2703
2704
2708
2709
2710
2711
2714
2715
2716
2717
2718
2719
2723
2724
2725
2726
2729
2730
2731
2732
2733
2734
2738
2739
2740
2741
2744
2745
2746
2747
2748
2749
2753
2754
2755
2756
2759
2760
2761
2762
2763
2764
2768
2769
2770
2771
2774
2775
2776
2777
2778
2779
2783
2784
2785
2786
2789
2790
2791
2792
2793
2794
2798
2799
2800
2801
2804
2805
2806
2807
2808
2809
2813
2814
2815
2816
2819
2820
2821
2822
2823
2824
2828
2829
2830
2831
2834
2835
2836
2837
2838
2839
2843
2844
2845
2846
2849
2850
2851
2852
2853
2854
2858
2859
2860
2861
2864
2865
2866
2867
2868
2869
2873
2874
2875
2876
2879
2880
2881
2882
2883
2884
2888
2889
2890
2891
2894
2895
2896
2897
2898
2899
2903
2904
2905
2906
0
