2859
1
5850
0 1 0
0 2 0
1 1431 1
1 1432 1
2 3 1
2 4 1
3 718 2
4 5 2
5 6 0
5 7 0
6 363 3
6 364 0
6 365 4
7 8 3
7 9 0
7 10 4
8 362 5
8 187 0
9 187 3
9 12 4
10 11 5
10 12 0
11 13 0
12 13 5
13 14 6
14 15 7
14 16 0
15 17 0
16 17 7
17 18 8
18 19 9
18 20 0
18 21 10
18 22 11
18 23 0
18 24 0
19 153 0
19 154 0
19 155 0
20 25 11
20 26 9
20 27 0
20 28 10
21 119 0
21 120 0
21 121 0
22 85 0
22 86 0
22 87 0
23 75 0
23 76 0
23 77 0
23 78 0
23 79 0
24 25 11
24 26 9
24 27 0
24 28 10
25 61 0
26 47 0
27 43 0
27 44 0
27 45 0
28 29 0
29 30 0
29 31 0
29 32 0
30 30 0
30 31 0
30 32 0
31 30 0
31 31 0
31 32 0
32 33 12
32 34 13
32 35 0
33 37 14
33 38 15
33 39 0
34 36 0
37 42 0
38 42 0
39 40 14
39 41 15
43 43 0
43 44 0
43 45 0
44 43 0
44 44 0
44 45 0
45 46 0
47 48 0
47 49 0
47 50 0
48 48 0
48 49 0
48 50 0
49 48 0
49 49 0
49 50 0
50 51 12
50 52 13
50 53 0
51 55 14
51 56 15
51 57 0
52 54 0
55 60 0
56 60 0
57 58 14
57 59 15
61 62 0
61 63 0
61 64 0
62 62 0
62 63 0
62 64 0
63 62 0
63 63 0
63 64 0
64 65 12
64 66 13
64 67 0
65 69 14
65 70 15
65 71 0
66 68 0
69 74 0
70 74 0
71 72 14
71 73 15
75 43 0
75 44 0
75 45 0
76 75 0
76 76 0
76 77 0
76 78 0
76 79 0
77 75 0
77 76 0
77 77 0
77 78 0
77 79 0
78 80 0
78 81 0
78 82 0
79 43 0
79 44 0
79 45 0
80 83 0
80 84 0
81 46 0
82 46 0
85 88 0
85 89 0
85 90 0
85 91 0
85 92 0
86 61 0
87 61 0
88 62 0
88 63 0
88 64 0
89 88 0
89 89 0
89 90 0
89 91 0
89 92 0
90 88 0
90 89 0
90 90 0
90 91 0
90 92 0
91 93 0
91 94 12
91 95 13
91 96 0
91 97 0
92 62 0
92 63 0
92 64 0
93 65 12
93 66 13
93 67 0
94 105 0
94 106 0
94 107 14
94 108 15
94 109 0
95 100 0
95 101 0
95 102 0
96 98 0
96 99 0
97 65 12
97 66 13
97 67 0
100 103 0
100 104 0
101 68 0
102 68 0
105 69 14
105 70 15
105 71 0
106 115 14
106 116 15
106 117 0
106 118 0
107 110 0
107 111 0
107 112 0
108 110 0
108 111 0
108 112 0
109 69 14
109 70 15
109 71 0
110 113 0
110 114 0
111 74 0
112 74 0
115 113 0
115 114 0
116 113 0
116 114 0
117 72 14
117 73 15
118 72 14
118 73 15
119 122 0
119 123 0
119 124 0
119 125 0
119 126 0
120 29 0
121 29 0
122 30 0
122 31 0
122 32 0
123 122 0
123 123 0
123 124 0
123 125 0
123 126 0
124 122 0
124 123 0
124 124 0
124 125 0
124 126 0
125 127 0
125 128 12
125 129 13
125 130 0
125 131 0
126 30 0
126 31 0
126 32 0
127 33 12
127 34 13
127 35 0
128 139 0
128 140 0
128 141 14
128 142 15
128 143 0
129 134 0
129 135 0
129 136 0
130 132 0
130 133 0
131 33 12
131 34 13
131 35 0
134 137 0
134 138 0
135 36 0
136 36 0
139 37 14
139 38 15
139 39 0
140 149 14
140 150 15
140 151 0
140 152 0
141 144 0
141 145 0
141 146 0
142 144 0
142 145 0
142 146 0
143 37 14
143 38 15
143 39 0
144 147 0
144 148 0
145 42 0
146 42 0
149 147 0
149 148 0
150 147 0
150 148 0
151 40 14
151 41 15
152 40 14
152 41 15
153 156 0
153 157 0
153 158 0
153 159 0
153 160 0
154 47 0
155 47 0
156 48 0
156 49 0
156 50 0
157 156 0
157 157 0
157 158 0
157 159 0
157 160 0
158 156 0
158 157 0
158 158 0
158 159 0
158 160 0
159 161 0
159 162 12
159 163 13
159 164 0
159 165 0
160 48 0
160 49 0
160 50 0
161 51 12
161 52 13
161 53 0
162 173 0
162 174 0
162 175 14
162 176 15
162 177 0
163 168 0
163 169 0
163 170 0
164 166 0
164 167 0
165 51 12
165 52 13
165 53 0
168 171 0
168 172 0
169 54 0
170 54 0
173 55 14
173 56 15
173 57 0
174 183 14
174 184 15
174 185 0
174 186 0
175 178 0
175 179 0
175 180 0
176 178 0
176 179 0
176 180 0
177 55 14
177 56 15
177 57 0
178 181 0
178 182 0
179 60 0
180 60 0
183 181 0
183 182 0
184 181 0
184 182 0
185 58 14
185 59 15
186 58 14
186 59 15
187 188 5
188 189 6
189 190 7
189 191 0
190 192 0
191 192 7
192 193 8
193 194 9
193 195 0
193 196 10
193 197 11
193 198 0
193 199 0
194 328 0
194 329 0
194 330 0
195 200 11
195 201 9
195 202 0
195 203 10
196 294 0
196 295 0
196 296 0
197 260 0
197 261 0
197 262 0
198 250 0
198 251 0
198 252 0
198 253 0
198 254 0
199 200 11
199 201 9
199 202 0
199 203 10
200 236 0
201 222 0
202 218 0
202 219 0
202 220 0
203 204 0
204 205 0
204 206 0
204 207 0
205 205 0
205 206 0
205 207 0
206 205 0
206 206 0
206 207 0
207 208 12
207 209 13
207 210 0
208 212 14
208 213 15
208 214 0
209 211 0
212 217 0
213 217 0
214 215 14
214 216 15
218 218 0
218 219 0
218 220 0
219 218 0
219 219 0
219 220 0
220 221 0
222 223 0
222 224 0
222 225 0
223 223 0
223 224 0
223 225 0
224 223 0
224 224 0
224 225 0
225 226 12
225 227 13
225 228 0
226 230 14
226 231 15
226 232 0
227 229 0
230 235 0
231 235 0
232 233 14
232 234 15
236 237 0
236 238 0
236 239 0
237 237 0
237 238 0
237 239 0
238 237 0
238 238 0
238 239 0
239 240 12
239 241 13
239 242 0
240 244 14
240 245 15
240 246 0
241 243 0
244 249 0
245 249 0
246 247 14
246 248 15
250 218 0
250 219 0
250 220 0
251 250 0
251 251 0
251 252 0
251 253 0
251 254 0
252 250 0
252 251 0
252 252 0
252 253 0
252 254 0
253 255 0
253 256 0
253 257 0
254 218 0
254 219 0
254 220 0
255 258 0
255 259 0
256 221 0
257 221 0
260 263 0
260 264 0
260 265 0
260 266 0
260 267 0
261 236 0
262 236 0
263 237 0
263 238 0
263 239 0
264 263 0
264 264 0
264 265 0
264 266 0
264 267 0
265 263 0
265 264 0
265 265 0
265 266 0
265 267 0
266 268 0
266 269 12
266 270 13
266 271 0
266 272 0
267 237 0
267 238 0
267 239 0
268 240 12
268 241 13
268 242 0
269 280 0
269 281 0
269 282 14
269 283 15
269 284 0
270 275 0
270 276 0
270 277 0
271 273 0
271 274 0
272 240 12
272 241 13
272 242 0
275 278 0
275 279 0
276 243 0
277 243 0
280 244 14
280 245 15
280 246 0
281 290 14
281 291 15
281 292 0
281 293 0
282 285 0
282 286 0
282 287 0
283 285 0
283 286 0
283 287 0
284 244 14
284 245 15
284 246 0
285 288 0
285 289 0
286 249 0
287 249 0
290 288 0
290 289 0
291 288 0
291 289 0
292 247 14
292 248 15
293 247 14
293 248 15
294 297 0
294 298 0
294 299 0
294 300 0
294 301 0
295 204 0
296 204 0
297 205 0
297 206 0
297 207 0
298 297 0
298 298 0
298 299 0
298 300 0
298 301 0
299 297 0
299 298 0
299 299 0
299 300 0
299 301 0
300 302 0
300 303 12
300 304 13
300 305 0
300 306 0
301 205 0
301 206 0
301 207 0
302 208 12
302 209 13
302 210 0
303 314 0
303 315 0
303 316 14
303 317 15
303 318 0
304 309 0
304 310 0
304 311 0
305 307 0
305 308 0
306 208 12
306 209 13
306 210 0
309 312 0
309 313 0
310 211 0
311 211 0
314 212 14
314 213 15
314 214 0
315 324 14
315 325 15
315 326 0
315 327 0
316 319 0
316 320 0
316 321 0
317 319 0
317 320 0
317 321 0
318 212 14
318 213 15
318 214 0
319 322 0
319 323 0
320 217 0
321 217 0
324 322 0
324 323 0
325 322 0
325 323 0
326 215 14
326 216 15
327 215 14
327 216 15
328 331 0
328 332 0
328 333 0
328 334 0
328 335 0
329 222 0
330 222 0
331 223 0
331 224 0
331 225 0
332 331 0
332 332 0
332 333 0
332 334 0
332 335 0
333 331 0
333 332 0
333 333 0
333 334 0
333 335 0
334 336 0
334 337 12
334 338 13
334 339 0
334 340 0
335 223 0
335 224 0
335 225 0
336 226 12
336 227 13
336 228 0
337 348 0
337 349 0
337 350 14
337 351 15
337 352 0
338 343 0
338 344 0
338 345 0
339 341 0
339 342 0
340 226 12
340 227 13
340 228 0
343 346 0
343 347 0
344 229 0
345 229 0
348 230 14
348 231 15
348 232 0
349 358 14
349 359 15
349 360 0
349 361 0
350 353 0
350 354 0
350 355 0
351 353 0
351 354 0
351 355 0
352 230 14
352 231 15
352 232 0
353 356 0
353 357 0
354 235 0
355 235 0
358 356 0
358 357 0
359 356 0
359 357 0
360 233 14
360 234 15
361 233 14
361 234 15
362 188 0
363 717 5
363 542 0
364 542 3
364 367 4
365 366 5
365 367 0
366 368 0
367 368 5
368 369 6
369 370 7
369 371 0
370 372 0
371 372 7
372 373 8
373 374 9
373 375 0
373 376 10
373 377 11
373 378 0
373 379 0
374 508 0
374 509 0
374 510 0
375 380 11
375 381 9
375 382 0
375 383 10
376 474 0
376 475 0
376 476 0
377 440 0
377 441 0
377 442 0
378 430 0
378 431 0
378 432 0
378 433 0
378 434 0
379 380 11
379 381 9
379 382 0
379 383 10
380 416 0
381 402 0
382 398 0
382 399 0
382 400 0
383 384 0
384 385 0
384 386 0
384 387 0
385 385 0
385 386 0
385 387 0
386 385 0
386 386 0
386 387 0
387 388 12
387 389 13
387 390 0
388 392 14
388 393 15
388 394 0
389 391 0
392 397 0
393 397 0
394 395 14
394 396 15
398 398 0
398 399 0
398 400 0
399 398 0
399 399 0
399 400 0
400 401 0
402 403 0
402 404 0
402 405 0
403 403 0
403 404 0
403 405 0
404 403 0
404 404 0
404 405 0
405 406 12
405 407 13
405 408 0
406 410 14
406 411 15
406 412 0
407 409 0
410 415 0
411 415 0
412 413 14
412 414 15
416 417 0
416 418 0
416 419 0
417 417 0
417 418 0
417 419 0
418 417 0
418 418 0
418 419 0
419 420 12
419 421 13
419 422 0
420 424 14
420 425 15
420 426 0
421 423 0
424 429 0
425 429 0
426 427 14
426 428 15
430 398 0
430 399 0
430 400 0
431 430 0
431 431 0
431 432 0
431 433 0
431 434 0
432 430 0
432 431 0
432 432 0
432 433 0
432 434 0
433 435 0
433 436 0
433 437 0
434 398 0
434 399 0
434 400 0
435 438 0
435 439 0
436 401 0
437 401 0
440 443 0
440 444 0
440 445 0
440 446 0
440 447 0
441 416 0
442 416 0
443 417 0
443 418 0
443 419 0
444 443 0
444 444 0
444 445 0
444 446 0
444 447 0
445 443 0
445 444 0
445 445 0
445 446 0
445 447 0
446 448 0
446 449 12
446 450 13
446 451 0
446 452 0
447 417 0
447 418 0
447 419 0
448 420 12
448 421 13
448 422 0
449 460 0
449 461 0
449 462 14
449 463 15
449 464 0
450 455 0
450 456 0
450 457 0
451 453 0
451 454 0
452 420 12
452 421 13
452 422 0
455 458 0
455 459 0
456 423 0
457 423 0
460 424 14
460 425 15
460 426 0
461 470 14
461 471 15
461 472 0
461 473 0
462 465 0
462 466 0
462 467 0
463 465 0
463 466 0
463 467 0
464 424 14
464 425 15
464 426 0
465 468 0
465 469 0
466 429 0
467 429 0
470 468 0
470 469 0
471 468 0
471 469 0
472 427 14
472 428 15
473 427 14
473 428 15
474 477 0
474 478 0
474 479 0
474 480 0
474 481 0
475 384 0
476 384 0
477 385 0
477 386 0
477 387 0
478 477 0
478 478 0
478 479 0
478 480 0
478 481 0
479 477 0
479 478 0
479 479 0
479 480 0
479 481 0
480 482 0
480 483 12
480 484 13
480 485 0
480 486 0
481 385 0
481 386 0
481 387 0
482 388 12
482 389 13
482 390 0
483 494 0
483 495 0
483 496 14
483 497 15
483 498 0
484 489 0
484 490 0
484 491 0
485 487 0
485 488 0
486 388 12
486 389 13
486 390 0
489 492 0
489 493 0
490 391 0
491 391 0
494 392 14
494 393 15
494 394 0
495 504 14
495 505 15
495 506 0
495 507 0
496 499 0
496 500 0
496 501 0
497 499 0
497 500 0
497 501 0
498 392 14
498 393 15
498 394 0
499 502 0
499 503 0
500 397 0
501 397 0
504 502 0
504 503 0
505 502 0
505 503 0
506 395 14
506 396 15
507 395 14
507 396 15
508 511 0
508 512 0
508 513 0
508 514 0
508 515 0
509 402 0
510 402 0
511 403 0
511 404 0
511 405 0
512 511 0
512 512 0
512 513 0
512 514 0
512 515 0
513 511 0
513 512 0
513 513 0
513 514 0
513 515 0
514 516 0
514 517 12
514 518 13
514 519 0
514 520 0
515 403 0
515 404 0
515 405 0
516 406 12
516 407 13
516 408 0
517 528 0
517 529 0
517 530 14
517 531 15
517 532 0
518 523 0
518 524 0
518 525 0
519 521 0
519 522 0
520 406 12
520 407 13
520 408 0
523 526 0
523 527 0
524 409 0
525 409 0
528 410 14
528 411 15
528 412 0
529 538 14
529 539 15
529 540 0
529 541 0
530 533 0
530 534 0
530 535 0
531 533 0
531 534 0
531 535 0
532 410 14
532 411 15
532 412 0
533 536 0
533 537 0
534 415 0
535 415 0
538 536 0
538 537 0
539 536 0
539 537 0
540 413 14
540 414 15
541 413 14
541 414 15
542 543 5
543 544 6
544 545 7
544 546 0
545 547 0
546 547 7
547 548 8
548 549 9
548 550 0
548 551 10
548 552 11
548 553 0
548 554 0
549 683 0
549 684 0
549 685 0
550 555 11
550 556 9
550 557 0
550 558 10
551 649 0
551 650 0
551 651 0
552 615 0
552 616 0
552 617 0
553 605 0
553 606 0
553 607 0
553 608 0
553 609 0
554 555 11
554 556 9
554 557 0
554 558 10
555 591 0
556 577 0
557 573 0
557 574 0
557 575 0
558 559 0
559 560 0
559 561 0
559 562 0
560 560 0
560 561 0
560 562 0
561 560 0
561 561 0
561 562 0
562 563 12
562 564 13
562 565 0
563 567 14
563 568 15
563 569 0
564 566 0
567 572 0
568 572 0
569 570 14
569 571 15
573 573 0
573 574 0
573 575 0
574 573 0
574 574 0
574 575 0
575 576 0
577 578 0
577 579 0
577 580 0
578 578 0
578 579 0
578 580 0
579 578 0
579 579 0
579 580 0
580 581 12
580 582 13
580 583 0
581 585 14
581 586 15
581 587 0
582 584 0
585 590 0
586 590 0
587 588 14
587 589 15
591 592 0
591 593 0
591 594 0
592 592 0
592 593 0
592 594 0
593 592 0
593 593 0
593 594 0
594 595 12
594 596 13
594 597 0
595 599 14
595 600 15
595 601 0
596 598 0
599 604 0
600 604 0
601 602 14
601 603 15
605 573 0
605 574 0
605 575 0
606 605 0
606 606 0
606 607 0
606 608 0
606 609 0
607 605 0
607 606 0
607 607 0
607 608 0
607 609 0
608 610 0
608 611 0
608 612 0
609 573 0
609 574 0
609 575 0
610 613 0
610 614 0
611 576 0
612 576 0
615 618 0
615 619 0
615 620 0
615 621 0
615 622 0
616 591 0
617 591 0
618 592 0
618 593 0
618 594 0
619 618 0
619 619 0
619 620 0
619 621 0
619 622 0
620 618 0
620 619 0
620 620 0
620 621 0
620 622 0
621 623 0
621 624 12
621 625 13
621 626 0
621 627 0
622 592 0
622 593 0
622 594 0
623 595 12
623 596 13
623 597 0
624 635 0
624 636 0
624 637 14
624 638 15
624 639 0
625 630 0
625 631 0
625 632 0
626 628 0
626 629 0
627 595 12
627 596 13
627 597 0
630 633 0
630 634 0
631 598 0
632 598 0
635 599 14
635 600 15
635 601 0
636 645 14
636 646 15
636 647 0
636 648 0
637 640 0
637 641 0
637 642 0
638 640 0
638 641 0
638 642 0
639 599 14
639 600 15
639 601 0
640 643 0
640 644 0
641 604 0
642 604 0
645 643 0
645 644 0
646 643 0
646 644 0
647 602 14
647 603 15
648 602 14
648 603 15
649 652 0
649 653 0
649 654 0
649 655 0
649 656 0
650 559 0
651 559 0
652 560 0
652 561 0
652 562 0
653 652 0
653 653 0
653 654 0
653 655 0
653 656 0
654 652 0
654 653 0
654 654 0
654 655 0
654 656 0
655 657 0
655 658 12
655 659 13
655 660 0
655 661 0
656 560 0
656 561 0
656 562 0
657 563 12
657 564 13
657 565 0
658 669 0
658 670 0
658 671 14
658 672 15
658 673 0
659 664 0
659 665 0
659 666 0
660 662 0
660 663 0
661 563 12
661 564 13
661 565 0
664 667 0
664 668 0
665 566 0
666 566 0
669 567 14
669 568 15
669 569 0
670 679 14
670 680 15
670 681 0
670 682 0
671 674 0
671 675 0
671 676 0
672 674 0
672 675 0
672 676 0
673 567 14
673 568 15
673 569 0
674 677 0
674 678 0
675 572 0
676 572 0
679 677 0
679 678 0
680 677 0
680 678 0
681 570 14
681 571 15
682 570 14
682 571 15
683 686 0
683 687 0
683 688 0
683 689 0
683 690 0
684 577 0
685 577 0
686 578 0
686 579 0
686 580 0
687 686 0
687 687 0
687 688 0
687 689 0
687 690 0
688 686 0
688 687 0
688 688 0
688 689 0
688 690 0
689 691 0
689 692 12
689 693 13
689 694 0
689 695 0
690 578 0
690 579 0
690 580 0
691 581 12
691 582 13
691 583 0
692 703 0
692 704 0
692 705 14
692 706 15
692 707 0
693 698 0
693 699 0
693 700 0
694 696 0
694 697 0
695 581 12
695 582 13
695 583 0
698 701 0
698 702 0
699 584 0
700 584 0
703 585 14
703 586 15
703 587 0
704 713 14
704 714 15
704 715 0
704 716 0
705 708 0
705 709 0
705 710 0
706 708 0
706 709 0
706 710 0
707 585 14
707 586 15
707 587 0
708 711 0
708 712 0
709 590 0
710 590 0
713 711 0
713 712 0
714 711 0
714 712 0
715 588 14
715 589 15
716 588 14
716 589 15
717 543 0
718 719 0
718 720 0
719 1076 3
719 1077 0
719 1078 4
720 721 3
720 722 0
720 723 4
721 1075 5
721 900 0
722 900 3
722 725 4
723 724 5
723 725 0
724 726 0
725 726 5
726 727 6
727 728 7
727 729 0
728 730 0
729 730 7
730 731 8
731 732 9
731 733 0
731 734 10
731 735 11
731 736 0
731 737 0
732 866 0
732 867 0
732 868 0
733 738 11
733 739 9
733 740 0
733 741 10
734 832 0
734 833 0
734 834 0
735 798 0
735 799 0
735 800 0
736 788 0
736 789 0
736 790 0
736 791 0
736 792 0
737 738 11
737 739 9
737 740 0
737 741 10
738 774 0
739 760 0
740 756 0
740 757 0
740 758 0
741 742 0
742 743 0
742 744 0
742 745 0
743 743 0
743 744 0
743 745 0
744 743 0
744 744 0
744 745 0
745 746 12
745 747 13
745 748 0
746 750 14
746 751 15
746 752 0
747 749 0
750 755 0
751 755 0
752 753 14
752 754 15
756 756 0
756 757 0
756 758 0
757 756 0
757 757 0
757 758 0
758 759 0
760 761 0
760 762 0
760 763 0
761 761 0
761 762 0
761 763 0
762 761 0
762 762 0
762 763 0
763 764 12
763 765 13
763 766 0
764 768 14
764 769 15
764 770 0
765 767 0
768 773 0
769 773 0
770 771 14
770 772 15
774 775 0
774 776 0
774 777 0
775 775 0
775 776 0
775 777 0
776 775 0
776 776 0
776 777 0
777 778 12
777 779 13
777 780 0
778 782 14
778 783 15
778 784 0
779 781 0
782 787 0
783 787 0
784 785 14
784 786 15
788 756 0
788 757 0
788 758 0
789 788 0
789 789 0
789 790 0
789 791 0
789 792 0
790 788 0
790 789 0
790 790 0
790 791 0
790 792 0
791 793 0
791 794 0
791 795 0
792 756 0
792 757 0
792 758 0
793 796 0
793 797 0
794 759 0
795 759 0
798 801 0
798 802 0
798 803 0
798 804 0
798 805 0
799 774 0
800 774 0
801 775 0
801 776 0
801 777 0
802 801 0
802 802 0
802 803 0
802 804 0
802 805 0
803 801 0
803 802 0
803 803 0
803 804 0
803 805 0
804 806 0
804 807 12
804 808 13
804 809 0
804 810 0
805 775 0
805 776 0
805 777 0
806 778 12
806 779 13
806 780 0
807 818 0
807 819 0
807 820 14
807 821 15
807 822 0
808 813 0
808 814 0
808 815 0
809 811 0
809 812 0
810 778 12
810 779 13
810 780 0
813 816 0
813 817 0
814 781 0
815 781 0
818 782 14
818 783 15
818 784 0
819 828 14
819 829 15
819 830 0
819 831 0
820 823 0
820 824 0
820 825 0
821 823 0
821 824 0
821 825 0
822 782 14
822 783 15
822 784 0
823 826 0
823 827 0
824 787 0
825 787 0
828 826 0
828 827 0
829 826 0
829 827 0
830 785 14
830 786 15
831 785 14
831 786 15
832 835 0
832 836 0
832 837 0
832 838 0
832 839 0
833 742 0
834 742 0
835 743 0
835 744 0
835 745 0
836 835 0
836 836 0
836 837 0
836 838 0
836 839 0
837 835 0
837 836 0
837 837 0
837 838 0
837 839 0
838 840 0
838 841 12
838 842 13
838 843 0
838 844 0
839 743 0
839 744 0
839 745 0
840 746 12
840 747 13
840 748 0
841 852 0
841 853 0
841 854 14
841 855 15
841 856 0
842 847 0
842 848 0
842 849 0
843 845 0
843 846 0
844 746 12
844 747 13
844 748 0
847 850 0
847 851 0
848 749 0
849 749 0
852 750 14
852 751 15
852 752 0
853 862 14
853 863 15
853 864 0
853 865 0
854 857 0
854 858 0
854 859 0
855 857 0
855 858 0
855 859 0
856 750 14
856 751 15
856 752 0
857 860 0
857 861 0
858 755 0
859 755 0
862 860 0
862 861 0
863 860 0
863 861 0
864 753 14
864 754 15
865 753 14
865 754 15
866 869 0
866 870 0
866 871 0
866 872 0
866 873 0
867 760 0
868 760 0
869 761 0
869 762 0
869 763 0
870 869 0
870 870 0
870 871 0
870 872 0
870 873 0
871 869 0
871 870 0
871 871 0
871 872 0
871 873 0
872 874 0
872 875 12
872 876 13
872 877 0
872 878 0
873 761 0
873 762 0
873 763 0
874 764 12
874 765 13
874 766 0
875 886 0
875 887 0
875 888 14
875 889 15
875 890 0
876 881 0
876 882 0
876 883 0
877 879 0
877 880 0
878 764 12
878 765 13
878 766 0
881 884 0
881 885 0
882 767 0
883 767 0
886 768 14
886 769 15
886 770 0
887 896 14
887 897 15
887 898 0
887 899 0
888 891 0
888 892 0
888 893 0
889 891 0
889 892 0
889 893 0
890 768 14
890 769 15
890 770 0
891 894 0
891 895 0
892 773 0
893 773 0
896 894 0
896 895 0
897 894 0
897 895 0
898 771 14
898 772 15
899 771 14
899 772 15
900 901 5
901 902 6
902 903 7
902 904 0
903 905 0
904 905 7
905 906 8
906 907 9
906 908 0
906 909 10
906 910 11
906 911 0
906 912 0
907 1041 0
907 1042 0
907 1043 0
908 913 11
908 914 9
908 915 0
908 916 10
909 1007 0
909 1008 0
909 1009 0
910 973 0
910 974 0
910 975 0
911 963 0
911 964 0
911 965 0
911 966 0
911 967 0
912 913 11
912 914 9
912 915 0
912 916 10
913 949 0
914 935 0
915 931 0
915 932 0
915 933 0
916 917 0
917 918 0
917 919 0
917 920 0
918 918 0
918 919 0
918 920 0
919 918 0
919 919 0
919 920 0
920 921 12
920 922 13
920 923 0
921 925 14
921 926 15
921 927 0
922 924 0
925 930 0
926 930 0
927 928 14
927 929 15
931 931 0
931 932 0
931 933 0
932 931 0
932 932 0
932 933 0
933 934 0
935 936 0
935 937 0
935 938 0
936 936 0
936 937 0
936 938 0
937 936 0
937 937 0
937 938 0
938 939 12
938 940 13
938 941 0
939 943 14
939 944 15
939 945 0
940 942 0
943 948 0
944 948 0
945 946 14
945 947 15
949 950 0
949 951 0
949 952 0
950 950 0
950 951 0
950 952 0
951 950 0
951 951 0
951 952 0
952 953 12
952 954 13
952 955 0
953 957 14
953 958 15
953 959 0
954 956 0
957 962 0
958 962 0
959 960 14
959 961 15
963 931 0
963 932 0
963 933 0
964 963 0
964 964 0
964 965 0
964 966 0
964 967 0
965 963 0
965 964 0
965 965 0
965 966 0
965 967 0
966 968 0
966 969 0
966 970 0
967 931 0
967 932 0
967 933 0
968 971 0
968 972 0
969 934 0
970 934 0
973 976 0
973 977 0
973 978 0
973 979 0
973 980 0
974 949 0
975 949 0
976 950 0
976 951 0
976 952 0
977 976 0
977 977 0
977 978 0
977 979 0
977 980 0
978 976 0
978 977 0
978 978 0
978 979 0
978 980 0
979 981 0
979 982 12
979 983 13
979 984 0
979 985 0
980 950 0
980 951 0
980 952 0
981 953 12
981 954 13
981 955 0
982 993 0
982 994 0
982 995 14
982 996 15
982 997 0
983 988 0
983 989 0
983 990 0
984 986 0
984 987 0
985 953 12
985 954 13
985 955 0
988 991 0
988 992 0
989 956 0
990 956 0
993 957 14
993 958 15
993 959 0
994 1003 14
994 1004 15
994 1005 0
994 1006 0
995 998 0
995 999 0
995 1000 0
996 998 0
996 999 0
996 1000 0
997 957 14
997 958 15
997 959 0
998 1001 0
998 1002 0
999 962 0
1000 962 0
1003 1001 0
1003 1002 0
1004 1001 0
1004 1002 0
1005 960 14
1005 961 15
1006 960 14
1006 961 15
1007 1010 0
1007 1011 0
1007 1012 0
1007 1013 0
1007 1014 0
1008 917 0
1009 917 0
1010 918 0
1010 919 0
1010 920 0
1011 1010 0
1011 1011 0
1011 1012 0
1011 1013 0
1011 1014 0
1012 1010 0
1012 1011 0
1012 1012 0
1012 1013 0
1012 1014 0
1013 1015 0
1013 1016 12
1013 1017 13
1013 1018 0
1013 1019 0
1014 918 0
1014 919 0
1014 920 0
1015 921 12
1015 922 13
1015 923 0
1016 1027 0
1016 1028 0
1016 1029 14
1016 1030 15
1016 1031 0
1017 1022 0
1017 1023 0
1017 1024 0
1018 1020 0
1018 1021 0
1019 921 12
1019 922 13
1019 923 0
1022 1025 0
1022 1026 0
1023 924 0
1024 924 0
1027 925 14
1027 926 15
1027 927 0
1028 1037 14
1028 1038 15
1028 1039 0
1028 1040 0
1029 1032 0
1029 1033 0
1029 1034 0
1030 1032 0
1030 1033 0
1030 1034 0
1031 925 14
1031 926 15
1031 927 0
1032 1035 0
1032 1036 0
1033 930 0
1034 930 0
1037 1035 0
1037 1036 0
1038 1035 0
1038 1036 0
1039 928 14
1039 929 15
1040 928 14
1040 929 15
1041 1044 0
1041 1045 0
1041 1046 0
1041 1047 0
1041 1048 0
1042 935 0
1043 935 0
1044 936 0
1044 937 0
1044 938 0
1045 1044 0
1045 1045 0
1045 1046 0
1045 1047 0
1045 1048 0
1046 1044 0
1046 1045 0
1046 1046 0
1046 1047 0
1046 1048 0
1047 1049 0
1047 1050 12
1047 1051 13
1047 1052 0
1047 1053 0
1048 936 0
1048 937 0
1048 938 0
1049 939 12
1049 940 13
1049 941 0
1050 1061 0
1050 1062 0
1050 1063 14
1050 1064 15
1050 1065 0
1051 1056 0
1051 1057 0
1051 1058 0
1052 1054 0
1052 1055 0
1053 939 12
1053 940 13
1053 941 0
1056 1059 0
1056 1060 0
1057 942 0
1058 942 0
1061 943 14
1061 944 15
1061 945 0
1062 1071 14
1062 1072 15
1062 1073 0
1062 1074 0
1063 1066 0
1063 1067 0
1063 1068 0
1064 1066 0
1064 1067 0
1064 1068 0
1065 943 14
1065 944 15
1065 945 0
1066 1069 0
1066 1070 0
1067 948 0
1068 948 0
1071 1069 0
1071 1070 0
1072 1069 0
1072 1070 0
1073 946 14
1073 947 15
1074 946 14
1074 947 15
1075 901 0
1076 1430 5
1076 1255 0
1077 1255 3
1077 1080 4
1078 1079 5
1078 1080 0
1079 1081 0
1080 1081 5
1081 1082 6
1082 1083 7
1082 1084 0
1083 1085 0
1084 1085 7
1085 1086 8
1086 1087 9
1086 1088 0
1086 1089 10
1086 1090 11
1086 1091 0
1086 1092 0
1087 1221 0
1087 1222 0
1087 1223 0
1088 1093 11
1088 1094 9
1088 1095 0
1088 1096 10
1089 1187 0
1089 1188 0
1089 1189 0
1090 1153 0
1090 1154 0
1090 1155 0
1091 1143 0
1091 1144 0
1091 1145 0
1091 1146 0
1091 1147 0
1092 1093 11
1092 1094 9
1092 1095 0
1092 1096 10
1093 1129 0
1094 1115 0
1095 1111 0
1095 1112 0
1095 1113 0
1096 1097 0
1097 1098 0
1097 1099 0
1097 1100 0
1098 1098 0
1098 1099 0
1098 1100 0
1099 1098 0
1099 1099 0
1099 1100 0
1100 1101 12
1100 1102 13
1100 1103 0
1101 1105 14
1101 1106 15
1101 1107 0
1102 1104 0
1105 1110 0
1106 1110 0
1107 1108 14
1107 1109 15
1111 1111 0
1111 1112 0
1111 1113 0
1112 1111 0
1112 1112 0
1112 1113 0
1113 1114 0
1115 1116 0
1115 1117 0
1115 1118 0
1116 1116 0
1116 1117 0
1116 1118 0
1117 1116 0
1117 1117 0
1117 1118 0
1118 1119 12
1118 1120 13
1118 1121 0
1119 1123 14
1119 1124 15
1119 1125 0
1120 1122 0
1123 1128 0
1124 1128 0
1125 1126 14
1125 1127 15
1129 1130 0
1129 1131 0
1129 1132 0
1130 1130 0
1130 1131 0
1130 1132 0
1131 1130 0
1131 1131 0
1131 1132 0
1132 1133 12
1132 1134 13
1132 1135 0
1133 1137 14
1133 1138 15
1133 1139 0
1134 1136 0
1137 1142 0
1138 1142 0
1139 1140 14
1139 1141 15
1143 1111 0
1143 1112 0
1143 1113 0
1144 1143 0
1144 1144 0
1144 1145 0
1144 1146 0
1144 1147 0
1145 1143 0
1145 1144 0
1145 1145 0
1145 1146 0
1145 1147 0
1146 1148 0
1146 1149 0
1146 1150 0
1147 1111 0
1147 1112 0
1147 1113 0
1148 1151 0
1148 1152 0
1149 1114 0
1150 1114 0
1153 1156 0
1153 1157 0
1153 1158 0
1153 1159 0
1153 1160 0
1154 1129 0
1155 1129 0
1156 1130 0
1156 1131 0
1156 1132 0
1157 1156 0
1157 1157 0
1157 1158 0
1157 1159 0
1157 1160 0
1158 1156 0
1158 1157 0
1158 1158 0
1158 1159 0
1158 1160 0
1159 1161 0
1159 1162 12
1159 1163 13
1159 1164 0
1159 1165 0
1160 1130 0
1160 1131 0
1160 1132 0
1161 1133 12
1161 1134 13
1161 1135 0
1162 1173 0
1162 1174 0
1162 1175 14
1162 1176 15
1162 1177 0
1163 1168 0
1163 1169 0
1163 1170 0
1164 1166 0
1164 1167 0
1165 1133 12
1165 1134 13
1165 1135 0
1168 1171 0
1168 1172 0
1169 1136 0
1170 1136 0
1173 1137 14
1173 1138 15
1173 1139 0
1174 1183 14
1174 1184 15
1174 1185 0
1174 1186 0
1175 1178 0
1175 1179 0
1175 1180 0
1176 1178 0
1176 1179 0
1176 1180 0
1177 1137 14
1177 1138 15
1177 1139 0
1178 1181 0
1178 1182 0
1179 1142 0
1180 1142 0
1183 1181 0
1183 1182 0
1184 1181 0
1184 1182 0
1185 1140 14
1185 1141 15
1186 1140 14
1186 1141 15
1187 1190 0
1187 1191 0
1187 1192 0
1187 1193 0
1187 1194 0
1188 1097 0
1189 1097 0
1190 1098 0
1190 1099 0
1190 1100 0
1191 1190 0
1191 1191 0
1191 1192 0
1191 1193 0
1191 1194 0
1192 1190 0
1192 1191 0
1192 1192 0
1192 1193 0
1192 1194 0
1193 1195 0
1193 1196 12
1193 1197 13
1193 1198 0
1193 1199 0
1194 1098 0
1194 1099 0
1194 1100 0
1195 1101 12
1195 1102 13
1195 1103 0
1196 1207 0
1196 1208 0
1196 1209 14
1196 1210 15
1196 1211 0
1197 1202 0
1197 1203 0
1197 1204 0
1198 1200 0
1198 1201 0
1199 1101 12
1199 1102 13
1199 1103 0
1202 1205 0
1202 1206 0
1203 1104 0
1204 1104 0
1207 1105 14
1207 1106 15
1207 1107 0
1208 1217 14
1208 1218 15
1208 1219 0
1208 1220 0
1209 1212 0
1209 1213 0
1209 1214 0
1210 1212 0
1210 1213 0
1210 1214 0
1211 1105 14
1211 1106 15
1211 1107 0
1212 1215 0
1212 1216 0
1213 1110 0
1214 1110 0
1217 1215 0
1217 1216 0
1218 1215 0
1218 1216 0
1219 1108 14
1219 1109 15
1220 1108 14
1220 1109 15
1221 1224 0
1221 1225 0
1221 1226 0
1221 1227 0
1221 1228 0
1222 1115 0
1223 1115 0
1224 1116 0
1224 1117 0
1224 1118 0
1225 1224 0
1225 1225 0
1225 1226 0
1225 1227 0
1225 1228 0
1226 1224 0
1226 1225 0
1226 1226 0
1226 1227 0
1226 1228 0
1227 1229 0
1227 1230 12
1227 1231 13
1227 1232 0
1227 1233 0
1228 1116 0
1228 1117 0
1228 1118 0
1229 1119 12
1229 1120 13
1229 1121 0
1230 1241 0
1230 1242 0
1230 1243 14
1230 1244 15
1230 1245 0
1231 1236 0
1231 1237 0
1231 1238 0
1232 1234 0
1232 1235 0
1233 1119 12
1233 1120 13
1233 1121 0
1236 1239 0
1236 1240 0
1237 1122 0
1238 1122 0
1241 1123 14
1241 1124 15
1241 1125 0
1242 1251 14
1242 1252 15
1242 1253 0
1242 1254 0
1243 1246 0
1243 1247 0
1243 1248 0
1244 1246 0
1244 1247 0
1244 1248 0
1245 1123 14
1245 1124 15
1245 1125 0
1246 1249 0
1246 1250 0
1247 1128 0
1248 1128 0
1251 1249 0
1251 1250 0
1252 1249 0
1252 1250 0
1253 1126 14
1253 1127 15
1254 1126 14
1254 1127 15
1255 1256 5
1256 1257 6
1257 1258 7
1257 1259 0
1258 1260 0
1259 1260 7
1260 1261 8
1261 1262 9
1261 1263 0
1261 1264 10
1261 1265 11
1261 1266 0
1261 1267 0
1262 1396 0
1262 1397 0
1262 1398 0
1263 1268 11
1263 1269 9
1263 1270 0
1263 1271 10
1264 1362 0
1264 1363 0
1264 1364 0
1265 1328 0
1265 1329 0
1265 1330 0
1266 1318 0
1266 1319 0
1266 1320 0
1266 1321 0
1266 1322 0
1267 1268 11
1267 1269 9
1267 1270 0
1267 1271 10
1268 1304 0
1269 1290 0
1270 1286 0
1270 1287 0
1270 1288 0
1271 1272 0
1272 1273 0
1272 1274 0
1272 1275 0
1273 1273 0
1273 1274 0
1273 1275 0
1274 1273 0
1274 1274 0
1274 1275 0
1275 1276 12
1275 1277 13
1275 1278 0
1276 1280 14
1276 1281 15
1276 1282 0
1277 1279 0
1280 1285 0
1281 1285 0
1282 1283 14
1282 1284 15
1286 1286 0
1286 1287 0
1286 1288 0
1287 1286 0
1287 1287 0
1287 1288 0
1288 1289 0
1290 1291 0
1290 1292 0
1290 1293 0
1291 1291 0
1291 1292 0
1291 1293 0
1292 1291 0
1292 1292 0
1292 1293 0
1293 1294 12
1293 1295 13
1293 1296 0
1294 1298 14
1294 1299 15
1294 1300 0
1295 1297 0
1298 1303 0
1299 1303 0
1300 1301 14
1300 1302 15
1304 1305 0
1304 1306 0
1304 1307 0
1305 1305 0
1305 1306 0
1305 1307 0
1306 1305 0
1306 1306 0
1306 1307 0
1307 1308 12
1307 1309 13
1307 1310 0
1308 1312 14
1308 1313 15
1308 1314 0
1309 1311 0
1312 1317 0
1313 1317 0
1314 1315 14
1314 1316 15
1318 1286 0
1318 1287 0
1318 1288 0
1319 1318 0
1319 1319 0
1319 1320 0
1319 1321 0
1319 1322 0
1320 1318 0
1320 1319 0
1320 1320 0
1320 1321 0
1320 1322 0
1321 1323 0
1321 1324 0
1321 1325 0
1322 1286 0
1322 1287 0
1322 1288 0
1323 1326 0
1323 1327 0
1324 1289 0
1325 1289 0
1328 1331 0
1328 1332 0
1328 1333 0
1328 1334 0
1328 1335 0
1329 1304 0
1330 1304 0
1331 1305 0
1331 1306 0
1331 1307 0
1332 1331 0
1332 1332 0
1332 1333 0
1332 1334 0
1332 1335 0
1333 1331 0
1333 1332 0
1333 1333 0
1333 1334 0
1333 1335 0
1334 1336 0
1334 1337 12
1334 1338 13
1334 1339 0
1334 1340 0
1335 1305 0
1335 1306 0
1335 1307 0
1336 1308 12
1336 1309 13
1336 1310 0
1337 1348 0
1337 1349 0
1337 1350 14
1337 1351 15
1337 1352 0
1338 1343 0
1338 1344 0
1338 1345 0
1339 1341 0
1339 1342 0
1340 1308 12
1340 1309 13
1340 1310 0
1343 1346 0
1343 1347 0
1344 1311 0
1345 1311 0
1348 1312 14
1348 1313 15
1348 1314 0
1349 1358 14
1349 1359 15
1349 1360 0
1349 1361 0
1350 1353 0
1350 1354 0
1350 1355 0
1351 1353 0
1351 1354 0
1351 1355 0
1352 1312 14
1352 1313 15
1352 1314 0
1353 1356 0
1353 1357 0
1354 1317 0
1355 1317 0
1358 1356 0
1358 1357 0
1359 1356 0
1359 1357 0
1360 1315 14
1360 1316 15
1361 1315 14
1361 1316 15
1362 1365 0
1362 1366 0
1362 1367 0
1362 1368 0
1362 1369 0
1363 1272 0
1364 1272 0
1365 1273 0
1365 1274 0
1365 1275 0
1366 1365 0
1366 1366 0
1366 1367 0
1366 1368 0
1366 1369 0
1367 1365 0
1367 1366 0
1367 1367 0
1367 1368 0
1367 1369 0
1368 1370 0
1368 1371 12
1368 1372 13
1368 1373 0
1368 1374 0
1369 1273 0
1369 1274 0
1369 1275 0
1370 1276 12
1370 1277 13
1370 1278 0
1371 1382 0
1371 1383 0
1371 1384 14
1371 1385 15
1371 1386 0
1372 1377 0
1372 1378 0
1372 1379 0
1373 1375 0
1373 1376 0
1374 1276 12
1374 1277 13
1374 1278 0
1377 1380 0
1377 1381 0
1378 1279 0
1379 1279 0
1382 1280 14
1382 1281 15
1382 1282 0
1383 1392 14
1383 1393 15
1383 1394 0
1383 1395 0
1384 1387 0
1384 1388 0
1384 1389 0
1385 1387 0
1385 1388 0
1385 1389 0
1386 1280 14
1386 1281 15
1386 1282 0
1387 1390 0
1387 1391 0
1388 1285 0
1389 1285 0
1392 1390 0
1392 1391 0
1393 1390 0
1393 1391 0
1394 1283 14
1394 1284 15
1395 1283 14
1395 1284 15
1396 1399 0
1396 1400 0
1396 1401 0
1396 1402 0
1396 1403 0
1397 1290 0
1398 1290 0
1399 1291 0
1399 1292 0
1399 1293 0
1400 1399 0
1400 1400 0
1400 1401 0
1400 1402 0
1400 1403 0
1401 1399 0
1401 1400 0
1401 1401 0
1401 1402 0
1401 1403 0
1402 1404 0
1402 1405 12
1402 1406 13
1402 1407 0
1402 1408 0
1403 1291 0
1403 1292 0
1403 1293 0
1404 1294 12
1404 1295 13
1404 1296 0
1405 1416 0
1405 1417 0
1405 1418 14
1405 1419 15
1405 1420 0
1406 1411 0
1406 1412 0
1406 1413 0
1407 1409 0
1407 1410 0
1408 1294 12
1408 1295 13
1408 1296 0
1411 1414 0
1411 1415 0
1412 1297 0
1413 1297 0
1416 1298 14
1416 1299 15
1416 1300 0
1417 1426 14
1417 1427 15
1417 1428 0
1417 1429 0
1418 1421 0
1418 1422 0
1418 1423 0
1419 1421 0
1419 1422 0
1419 1423 0
1420 1298 14
1420 1299 15
1420 1300 0
1421 1424 0
1421 1425 0
1422 1303 0
1423 1303 0
1426 1424 0
1426 1425 0
1427 1424 0
1427 1425 0
1428 1301 14
1428 1302 15
1429 1301 14
1429 1302 15
1430 1256 0
1431 2146 2
1432 1433 2
1433 1434 0
1433 1435 0
1434 1791 0
1434 1792 3
1434 1793 4
1435 1436 0
1435 1437 3
1435 1438 4
1436 1615 3
1436 1439 4
1437 1615 0
1437 1616 5
1438 1439 0
1438 1440 5
1439 1441 5
1440 1441 0
1441 1442 6
1442 1443 0
1442 1444 7
1443 1445 7
1444 1445 0
1445 1446 8
1446 1447 9
1446 1448 0
1446 1449 10
1446 1450 11
1446 1451 0
1446 1452 0
1447 1581 0
1447 1582 0
1447 1583 0
1448 1453 11
1448 1454 9
1448 1455 0
1448 1456 10
1449 1547 0
1449 1548 0
1449 1549 0
1450 1513 0
1450 1514 0
1450 1515 0
1451 1503 0
1451 1504 0
1451 1505 0
1451 1506 0
1451 1507 0
1452 1453 11
1452 1454 9
1452 1455 0
1452 1456 10
1453 1489 0
1454 1475 0
1455 1471 0
1455 1472 0
1455 1473 0
1456 1457 0
1457 1458 0
1457 1459 0
1457 1460 0
1458 1458 0
1458 1459 0
1458 1460 0
1459 1458 0
1459 1459 0
1459 1460 0
1460 1461 12
1460 1462 13
1460 1463 0
1461 1465 14
1461 1466 15
1461 1467 0
1462 1464 0
1465 1470 0
1466 1470 0
1467 1468 14
1467 1469 15
1471 1471 0
1471 1472 0
1471 1473 0
1472 1471 0
1472 1472 0
1472 1473 0
1473 1474 0
1475 1476 0
1475 1477 0
1475 1478 0
1476 1476 0
1476 1477 0
1476 1478 0
1477 1476 0
1477 1477 0
1477 1478 0
1478 1479 12
1478 1480 13
1478 1481 0
1479 1483 14
1479 1484 15
1479 1485 0
1480 1482 0
1483 1488 0
1484 1488 0
1485 1486 14
1485 1487 15
1489 1490 0
1489 1491 0
1489 1492 0
1490 1490 0
1490 1491 0
1490 1492 0
1491 1490 0
1491 1491 0
1491 1492 0
1492 1493 12
1492 1494 13
1492 1495 0
1493 1497 14
1493 1498 15
1493 1499 0
1494 1496 0
1497 1502 0
1498 1502 0
1499 1500 14
1499 1501 15
1503 1471 0
1503 1472 0
1503 1473 0
1504 1503 0
1504 1504 0
1504 1505 0
1504 1506 0
1504 1507 0
1505 1503 0
1505 1504 0
1505 1505 0
1505 1506 0
1505 1507 0
1506 1508 0
1506 1509 0
1506 1510 0
1507 1471 0
1507 1472 0
1507 1473 0
1508 1511 0
1508 1512 0
1509 1474 0
1510 1474 0
1513 1516 0
1513 1517 0
1513 1518 0
1513 1519 0
1513 1520 0
1514 1489 0
1515 1489 0
1516 1490 0
1516 1491 0
1516 1492 0
1517 1516 0
1517 1517 0
1517 1518 0
1517 1519 0
1517 1520 0
1518 1516 0
1518 1517 0
1518 1518 0
1518 1519 0
1518 1520 0
1519 1521 0
1519 1522 12
1519 1523 13
1519 1524 0
1519 1525 0
1520 1490 0
1520 1491 0
1520 1492 0
1521 1493 12
1521 1494 13
1521 1495 0
1522 1533 0
1522 1534 0
1522 1535 14
1522 1536 15
1522 1537 0
1523 1528 0
1523 1529 0
1523 1530 0
1524 1526 0
1524 1527 0
1525 1493 12
1525 1494 13
1525 1495 0
1528 1531 0
1528 1532 0
1529 1496 0
1530 1496 0
1533 1497 14
1533 1498 15
1533 1499 0
1534 1543 14
1534 1544 15
1534 1545 0
1534 1546 0
1535 1538 0
1535 1539 0
1535 1540 0
1536 1538 0
1536 1539 0
1536 1540 0
1537 1497 14
1537 1498 15
1537 1499 0
1538 1541 0
1538 1542 0
1539 1502 0
1540 1502 0
1543 1541 0
1543 1542 0
1544 1541 0
1544 1542 0
1545 1500 14
1545 1501 15
1546 1500 14
1546 1501 15
1547 1550 0
1547 1551 0
1547 1552 0
1547 1553 0
1547 1554 0
1548 1457 0
1549 1457 0
1550 1458 0
1550 1459 0
1550 1460 0
1551 1550 0
1551 1551 0
1551 1552 0
1551 1553 0
1551 1554 0
1552 1550 0
1552 1551 0
1552 1552 0
1552 1553 0
1552 1554 0
1553 1555 0
1553 1556 12
1553 1557 13
1553 1558 0
1553 1559 0
1554 1458 0
1554 1459 0
1554 1460 0
1555 1461 12
1555 1462 13
1555 1463 0
1556 1567 0
1556 1568 0
1556 1569 14
1556 1570 15
1556 1571 0
1557 1562 0
1557 1563 0
1557 1564 0
1558 1560 0
1558 1561 0
1559 1461 12
1559 1462 13
1559 1463 0
1562 1565 0
1562 1566 0
1563 1464 0
1564 1464 0
1567 1465 14
1567 1466 15
1567 1467 0
1568 1577 14
1568 1578 15
1568 1579 0
1568 1580 0
1569 1572 0
1569 1573 0
1569 1574 0
1570 1572 0
1570 1573 0
1570 1574 0
1571 1465 14
1571 1466 15
1571 1467 0
1572 1575 0
1572 1576 0
1573 1470 0
1574 1470 0
1577 1575 0
1577 1576 0
1578 1575 0
1578 1576 0
1579 1468 14
1579 1469 15
1580 1468 14
1580 1469 15
1581 1584 0
1581 1585 0
1581 1586 0
1581 1587 0
1581 1588 0
1582 1475 0
1583 1475 0
1584 1476 0
1584 1477 0
1584 1478 0
1585 1584 0
1585 1585 0
1585 1586 0
1585 1587 0
1585 1588 0
1586 1584 0
1586 1585 0
1586 1586 0
1586 1587 0
1586 1588 0
1587 1589 0
1587 1590 12
1587 1591 13
1587 1592 0
1587 1593 0
1588 1476 0
1588 1477 0
1588 1478 0
1589 1479 12
1589 1480 13
1589 1481 0
1590 1601 0
1590 1602 0
1590 1603 14
1590 1604 15
1590 1605 0
1591 1596 0
1591 1597 0
1591 1598 0
1592 1594 0
1592 1595 0
1593 1479 12
1593 1480 13
1593 1481 0
1596 1599 0
1596 1600 0
1597 1482 0
1598 1482 0
1601 1483 14
1601 1484 15
1601 1485 0
1602 1611 14
1602 1612 15
1602 1613 0
1602 1614 0
1603 1606 0
1603 1607 0
1603 1608 0
1604 1606 0
1604 1607 0
1604 1608 0
1605 1483 14
1605 1484 15
1605 1485 0
1606 1609 0
1606 1610 0
1607 1488 0
1608 1488 0
1611 1609 0
1611 1610 0
1612 1609 0
1612 1610 0
1613 1486 14
1613 1487 15
1614 1486 14
1614 1487 15
1615 1617 5
1616 1617 0
1617 1618 6
1618 1619 0
1618 1620 7
1619 1621 7
1620 1621 0
1621 1622 8
1622 1623 9
1622 1624 0
1622 1625 10
1622 1626 11
1622 1627 0
1622 1628 0
1623 1757 0
1623 1758 0
1623 1759 0
1624 1629 11
1624 1630 9
1624 1631 0
1624 1632 10
1625 1723 0
1625 1724 0
1625 1725 0
1626 1689 0
1626 1690 0
1626 1691 0
1627 1679 0
1627 1680 0
1627 1681 0
1627 1682 0
1627 1683 0
1628 1629 11
1628 1630 9
1628 1631 0
1628 1632 10
1629 1665 0
1630 1651 0
1631 1647 0
1631 1648 0
1631 1649 0
1632 1633 0
1633 1634 0
1633 1635 0
1633 1636 0
1634 1634 0
1634 1635 0
1634 1636 0
1635 1634 0
1635 1635 0
1635 1636 0
1636 1637 12
1636 1638 13
1636 1639 0
1637 1641 14
1637 1642 15
1637 1643 0
1638 1640 0
1641 1646 0
1642 1646 0
1643 1644 14
1643 1645 15
1647 1647 0
1647 1648 0
1647 1649 0
1648 1647 0
1648 1648 0
1648 1649 0
1649 1650 0
1651 1652 0
1651 1653 0
1651 1654 0
1652 1652 0
1652 1653 0
1652 1654 0
1653 1652 0
1653 1653 0
1653 1654 0
1654 1655 12
1654 1656 13
1654 1657 0
1655 1659 14
1655 1660 15
1655 1661 0
1656 1658 0
1659 1664 0
1660 1664 0
1661 1662 14
1661 1663 15
1665 1666 0
1665 1667 0
1665 1668 0
1666 1666 0
1666 1667 0
1666 1668 0
1667 1666 0
1667 1667 0
1667 1668 0
1668 1669 12
1668 1670 13
1668 1671 0
1669 1673 14
1669 1674 15
1669 1675 0
1670 1672 0
1673 1678 0
1674 1678 0
1675 1676 14
1675 1677 15
1679 1647 0
1679 1648 0
1679 1649 0
1680 1679 0
1680 1680 0
1680 1681 0
1680 1682 0
1680 1683 0
1681 1679 0
1681 1680 0
1681 1681 0
1681 1682 0
1681 1683 0
1682 1684 0
1682 1685 0
1682 1686 0
1683 1647 0
1683 1648 0
1683 1649 0
1684 1687 0
1684 1688 0
1685 1650 0
1686 1650 0
1689 1692 0
1689 1693 0
1689 1694 0
1689 1695 0
1689 1696 0
1690 1665 0
1691 1665 0
1692 1666 0
1692 1667 0
1692 1668 0
1693 1692 0
1693 1693 0
1693 1694 0
1693 1695 0
1693 1696 0
1694 1692 0
1694 1693 0
1694 1694 0
1694 1695 0
1694 1696 0
1695 1697 0
1695 1698 12
1695 1699 13
1695 1700 0
1695 1701 0
1696 1666 0
1696 1667 0
1696 1668 0
1697 1669 12
1697 1670 13
1697 1671 0
1698 1709 0
1698 1710 0
1698 1711 14
1698 1712 15
1698 1713 0
1699 1704 0
1699 1705 0
1699 1706 0
1700 1702 0
1700 1703 0
1701 1669 12
1701 1670 13
1701 1671 0
1704 1707 0
1704 1708 0
1705 1672 0
1706 1672 0
1709 1673 14
1709 1674 15
1709 1675 0
1710 1719 14
1710 1720 15
1710 1721 0
1710 1722 0
1711 1714 0
1711 1715 0
1711 1716 0
1712 1714 0
1712 1715 0
1712 1716 0
1713 1673 14
1713 1674 15
1713 1675 0
1714 1717 0
1714 1718 0
1715 1678 0
1716 1678 0
1719 1717 0
1719 1718 0
1720 1717 0
1720 1718 0
1721 1676 14
1721 1677 15
1722 1676 14
1722 1677 15
1723 1726 0
1723 1727 0
1723 1728 0
1723 1729 0
1723 1730 0
1724 1633 0
1725 1633 0
1726 1634 0
1726 1635 0
1726 1636 0
1727 1726 0
1727 1727 0
1727 1728 0
1727 1729 0
1727 1730 0
1728 1726 0
1728 1727 0
1728 1728 0
1728 1729 0
1728 1730 0
1729 1731 0
1729 1732 12
1729 1733 13
1729 1734 0
1729 1735 0
1730 1634 0
1730 1635 0
1730 1636 0
1731 1637 12
1731 1638 13
1731 1639 0
1732 1743 0
1732 1744 0
1732 1745 14
1732 1746 15
1732 1747 0
1733 1738 0
1733 1739 0
1733 1740 0
1734 1736 0
1734 1737 0
1735 1637 12
1735 1638 13
1735 1639 0
1738 1741 0
1738 1742 0
1739 1640 0
1740 1640 0
1743 1641 14
1743 1642 15
1743 1643 0
1744 1753 14
1744 1754 15
1744 1755 0
1744 1756 0
1745 1748 0
1745 1749 0
1745 1750 0
1746 1748 0
1746 1749 0
1746 1750 0
1747 1641 14
1747 1642 15
1747 1643 0
1748 1751 0
1748 1752 0
1749 1646 0
1750 1646 0
1753 1751 0
1753 1752 0
1754 1751 0
1754 1752 0
1755 1644 14
1755 1645 15
1756 1644 14
1756 1645 15
1757 1760 0
1757 1761 0
1757 1762 0
1757 1763 0
1757 1764 0
1758 1651 0
1759 1651 0
1760 1652 0
1760 1653 0
1760 1654 0
1761 1760 0
1761 1761 0
1761 1762 0
1761 1763 0
1761 1764 0
1762 1760 0
1762 1761 0
1762 1762 0
1762 1763 0
1762 1764 0
1763 1765 0
1763 1766 12
1763 1767 13
1763 1768 0
1763 1769 0
1764 1652 0
1764 1653 0
1764 1654 0
1765 1655 12
1765 1656 13
1765 1657 0
1766 1777 0
1766 1778 0
1766 1779 14
1766 1780 15
1766 1781 0
1767 1772 0
1767 1773 0
1767 1774 0
1768 1770 0
1768 1771 0
1769 1655 12
1769 1656 13
1769 1657 0
1772 1775 0
1772 1776 0
1773 1658 0
1774 1658 0
1777 1659 14
1777 1660 15
1777 1661 0
1778 1787 14
1778 1788 15
1778 1789 0
1778 1790 0
1779 1782 0
1779 1783 0
1779 1784 0
1780 1782 0
1780 1783 0
1780 1784 0
1781 1659 14
1781 1660 15
1781 1661 0
1782 1785 0
1782 1786 0
1783 1664 0
1784 1664 0
1787 1785 0
1787 1786 0
1788 1785 0
1788 1786 0
1789 1662 14
1789 1663 15
1790 1662 14
1790 1663 15
1791 1970 3
1791 1794 4
1792 1970 0
1792 1971 5
1793 1794 0
1793 1795 5
1794 1796 5
1795 1796 0
1796 1797 6
1797 1798 0
1797 1799 7
1798 1800 7
1799 1800 0
1800 1801 8
1801 1802 9
1801 1803 0
1801 1804 10
1801 1805 11
1801 1806 0
1801 1807 0
1802 1936 0
1802 1937 0
1802 1938 0
1803 1808 11
1803 1809 9
1803 1810 0
1803 1811 10
1804 1902 0
1804 1903 0
1804 1904 0
1805 1868 0
1805 1869 0
1805 1870 0
1806 1858 0
1806 1859 0
1806 1860 0
1806 1861 0
1806 1862 0
1807 1808 11
1807 1809 9
1807 1810 0
1807 1811 10
1808 1844 0
1809 1830 0
1810 1826 0
1810 1827 0
1810 1828 0
1811 1812 0
1812 1813 0
1812 1814 0
1812 1815 0
1813 1813 0
1813 1814 0
1813 1815 0
1814 1813 0
1814 1814 0
1814 1815 0
1815 1816 12
1815 1817 13
1815 1818 0
1816 1820 14
1816 1821 15
1816 1822 0
1817 1819 0
1820 1825 0
1821 1825 0
1822 1823 14
1822 1824 15
1826 1826 0
1826 1827 0
1826 1828 0
1827 1826 0
1827 1827 0
1827 1828 0
1828 1829 0
1830 1831 0
1830 1832 0
1830 1833 0
1831 1831 0
1831 1832 0
1831 1833 0
1832 1831 0
1832 1832 0
1832 1833 0
1833 1834 12
1833 1835 13
1833 1836 0
1834 1838 14
1834 1839 15
1834 1840 0
1835 1837 0
1838 1843 0
1839 1843 0
1840 1841 14
1840 1842 15
1844 1845 0
1844 1846 0
1844 1847 0
1845 1845 0
1845 1846 0
1845 1847 0
1846 1845 0
1846 1846 0
1846 1847 0
1847 1848 12
1847 1849 13
1847 1850 0
1848 1852 14
1848 1853 15
1848 1854 0
1849 1851 0
1852 1857 0
1853 1857 0
1854 1855 14
1854 1856 15
1858 1826 0
1858 1827 0
1858 1828 0
1859 1858 0
1859 1859 0
1859 1860 0
1859 1861 0
1859 1862 0
1860 1858 0
1860 1859 0
1860 1860 0
1860 1861 0
1860 1862 0
1861 1863 0
1861 1864 0
1861 1865 0
1862 1826 0
1862 1827 0
1862 1828 0
1863 1866 0
1863 1867 0
1864 1829 0
1865 1829 0
1868 1871 0
1868 1872 0
1868 1873 0
1868 1874 0
1868 1875 0
1869 1844 0
1870 1844 0
1871 1845 0
1871 1846 0
1871 1847 0
1872 1871 0
1872 1872 0
1872 1873 0
1872 1874 0
1872 1875 0
1873 1871 0
1873 1872 0
1873 1873 0
1873 1874 0
1873 1875 0
1874 1876 0
1874 1877 12
1874 1878 13
1874 1879 0
1874 1880 0
1875 1845 0
1875 1846 0
1875 1847 0
1876 1848 12
1876 1849 13
1876 1850 0
1877 1888 0
1877 1889 0
1877 1890 14
1877 1891 15
1877 1892 0
1878 1883 0
1878 1884 0
1878 1885 0
1879 1881 0
1879 1882 0
1880 1848 12
1880 1849 13
1880 1850 0
1883 1886 0
1883 1887 0
1884 1851 0
1885 1851 0
1888 1852 14
1888 1853 15
1888 1854 0
1889 1898 14
1889 1899 15
1889 1900 0
1889 1901 0
1890 1893 0
1890 1894 0
1890 1895 0
1891 1893 0
1891 1894 0
1891 1895 0
1892 1852 14
1892 1853 15
1892 1854 0
1893 1896 0
1893 1897 0
1894 1857 0
1895 1857 0
1898 1896 0
1898 1897 0
1899 1896 0
1899 1897 0
1900 1855 14
1900 1856 15
1901 1855 14
1901 1856 15
1902 1905 0
1902 1906 0
1902 1907 0
1902 1908 0
1902 1909 0
1903 1812 0
1904 1812 0
1905 1813 0
1905 1814 0
1905 1815 0
1906 1905 0
1906 1906 0
1906 1907 0
1906 1908 0
1906 1909 0
1907 1905 0
1907 1906 0
1907 1907 0
1907 1908 0
1907 1909 0
1908 1910 0
1908 1911 12
1908 1912 13
1908 1913 0
1908 1914 0
1909 1813 0
1909 1814 0
1909 1815 0
1910 1816 12
1910 1817 13
1910 1818 0
1911 1922 0
1911 1923 0
1911 1924 14
1911 1925 15
1911 1926 0
1912 1917 0
1912 1918 0
1912 1919 0
1913 1915 0
1913 1916 0
1914 1816 12
1914 1817 13
1914 1818 0
1917 1920 0
1917 1921 0
1918 1819 0
1919 1819 0
1922 1820 14
1922 1821 15
1922 1822 0
1923 1932 14
1923 1933 15
1923 1934 0
1923 1935 0
1924 1927 0
1924 1928 0
1924 1929 0
1925 1927 0
1925 1928 0
1925 1929 0
1926 1820 14
1926 1821 15
1926 1822 0
1927 1930 0
1927 1931 0
1928 1825 0
1929 1825 0
1932 1930 0
1932 1931 0
1933 1930 0
1933 1931 0
1934 1823 14
1934 1824 15
1935 1823 14
1935 1824 15
1936 1939 0
1936 1940 0
1936 1941 0
1936 1942 0
1936 1943 0
1937 1830 0
1938 1830 0
1939 1831 0
1939 1832 0
1939 1833 0
1940 1939 0
1940 1940 0
1940 1941 0
1940 1942 0
1940 1943 0
1941 1939 0
1941 1940 0
1941 1941 0
1941 1942 0
1941 1943 0
1942 1944 0
1942 1945 12
1942 1946 13
1942 1947 0
1942 1948 0
1943 1831 0
1943 1832 0
1943 1833 0
1944 1834 12
1944 1835 13
1944 1836 0
1945 1956 0
1945 1957 0
1945 1958 14
1945 1959 15
1945 1960 0
1946 1951 0
1946 1952 0
1946 1953 0
1947 1949 0
1947 1950 0
1948 1834 12
1948 1835 13
1948 1836 0
1951 1954 0
1951 1955 0
1952 1837 0
1953 1837 0
1956 1838 14
1956 1839 15
1956 1840 0
1957 1966 14
1957 1967 15
1957 1968 0
1957 1969 0
1958 1961 0
1958 1962 0
1958 1963 0
1959 1961 0
1959 1962 0
1959 1963 0
1960 1838 14
1960 1839 15
1960 1840 0
1961 1964 0
1961 1965 0
1962 1843 0
1963 1843 0
1966 1964 0
1966 1965 0
1967 1964 0
1967 1965 0
1968 1841 14
1968 1842 15
1969 1841 14
1969 1842 15
1970 1972 5
1971 1972 0
1972 1973 6
1973 1974 0
1973 1975 7
1974 1976 7
1975 1976 0
1976 1977 8
1977 1978 9
1977 1979 0
1977 1980 10
1977 1981 11
1977 1982 0
1977 1983 0
1978 2112 0
1978 2113 0
1978 2114 0
1979 1984 11
1979 1985 9
1979 1986 0
1979 1987 10
1980 2078 0
1980 2079 0
1980 2080 0
1981 2044 0
1981 2045 0
1981 2046 0
1982 2034 0
1982 2035 0
1982 2036 0
1982 2037 0
1982 2038 0
1983 1984 11
1983 1985 9
1983 1986 0
1983 1987 10
1984 2020 0
1985 2006 0
1986 2002 0
1986 2003 0
1986 2004 0
1987 1988 0
1988 1989 0
1988 1990 0
1988 1991 0
1989 1989 0
1989 1990 0
1989 1991 0
1990 1989 0
1990 1990 0
1990 1991 0
1991 1992 12
1991 1993 13
1991 1994 0
1992 1996 14
1992 1997 15
1992 1998 0
1993 1995 0
1996 2001 0
1997 2001 0
1998 1999 14
1998 2000 15
2002 2002 0
2002 2003 0
2002 2004 0
2003 2002 0
2003 2003 0
2003 2004 0
2004 2005 0
2006 2007 0
2006 2008 0
2006 2009 0
2007 2007 0
2007 2008 0
2007 2009 0
2008 2007 0
2008 2008 0
2008 2009 0
2009 2010 12
2009 2011 13
2009 2012 0
2010 2014 14
2010 2015 15
2010 2016 0
2011 2013 0
2014 2019 0
2015 2019 0
2016 2017 14
2016 2018 15
2020 2021 0
2020 2022 0
2020 2023 0
2021 2021 0
2021 2022 0
2021 2023 0
2022 2021 0
2022 2022 0
2022 2023 0
2023 2024 12
2023 2025 13
2023 2026 0
2024 2028 14
2024 2029 15
2024 2030 0
2025 2027 0
2028 2033 0
2029 2033 0
2030 2031 14
2030 2032 15
2034 2002 0
2034 2003 0
2034 2004 0
2035 2034 0
2035 2035 0
2035 2036 0
2035 2037 0
2035 2038 0
2036 2034 0
2036 2035 0
2036 2036 0
2036 2037 0
2036 2038 0
2037 2039 0
2037 2040 0
2037 2041 0
2038 2002 0
2038 2003 0
2038 2004 0
2039 2042 0
2039 2043 0
2040 2005 0
2041 2005 0
2044 2047 0
2044 2048 0
2044 2049 0
2044 2050 0
2044 2051 0
2045 2020 0
2046 2020 0
2047 2021 0
2047 2022 0
2047 2023 0
2048 2047 0
2048 2048 0
2048 2049 0
2048 2050 0
2048 2051 0
2049 2047 0
2049 2048 0
2049 2049 0
2049 2050 0
2049 2051 0
2050 2052 0
2050 2053 12
2050 2054 13
2050 2055 0
2050 2056 0
2051 2021 0
2051 2022 0
2051 2023 0
2052 2024 12
2052 2025 13
2052 2026 0
2053 2064 0
2053 2065 0
2053 2066 14
2053 2067 15
2053 2068 0
2054 2059 0
2054 2060 0
2054 2061 0
2055 2057 0
2055 2058 0
2056 2024 12
2056 2025 13
2056 2026 0
2059 2062 0
2059 2063 0
2060 2027 0
2061 2027 0
2064 2028 14
2064 2029 15
2064 2030 0
2065 2074 14
2065 2075 15
2065 2076 0
2065 2077 0
2066 2069 0
2066 2070 0
2066 2071 0
2067 2069 0
2067 2070 0
2067 2071 0
2068 2028 14
2068 2029 15
2068 2030 0
2069 2072 0
2069 2073 0
2070 2033 0
2071 2033 0
2074 2072 0
2074 2073 0
2075 2072 0
2075 2073 0
2076 2031 14
2076 2032 15
2077 2031 14
2077 2032 15
2078 2081 0
2078 2082 0
2078 2083 0
2078 2084 0
2078 2085 0
2079 1988 0
2080 1988 0
2081 1989 0
2081 1990 0
2081 1991 0
2082 2081 0
2082 2082 0
2082 2083 0
2082 2084 0
2082 2085 0
2083 2081 0
2083 2082 0
2083 2083 0
2083 2084 0
2083 2085 0
2084 2086 0
2084 2087 12
2084 2088 13
2084 2089 0
2084 2090 0
2085 1989 0
2085 1990 0
2085 1991 0
2086 1992 12
2086 1993 13
2086 1994 0
2087 2098 0
2087 2099 0
2087 2100 14
2087 2101 15
2087 2102 0
2088 2093 0
2088 2094 0
2088 2095 0
2089 2091 0
2089 2092 0
2090 1992 12
2090 1993 13
2090 1994 0
2093 2096 0
2093 2097 0
2094 1995 0
2095 1995 0
2098 1996 14
2098 1997 15
2098 1998 0
2099 2108 14
2099 2109 15
2099 2110 0
2099 2111 0
2100 2103 0
2100 2104 0
2100 2105 0
2101 2103 0
2101 2104 0
2101 2105 0
2102 1996 14
2102 1997 15
2102 1998 0
2103 2106 0
2103 2107 0
2104 2001 0
2105 2001 0
2108 2106 0
2108 2107 0
2109 2106 0
2109 2107 0
2110 1999 14
2110 2000 15
2111 1999 14
2111 2000 15
2112 2115 0
2112 2116 0
2112 2117 0
2112 2118 0
2112 2119 0
2113 2006 0
2114 2006 0
2115 2007 0
2115 2008 0
2115 2009 0
2116 2115 0
2116 2116 0
2116 2117 0
2116 2118 0
2116 2119 0
2117 2115 0
2117 2116 0
2117 2117 0
2117 2118 0
2117 2119 0
2118 2120 0
2118 2121 12
2118 2122 13
2118 2123 0
2118 2124 0
2119 2007 0
2119 2008 0
2119 2009 0
2120 2010 12
2120 2011 13
2120 2012 0
2121 2132 0
2121 2133 0
2121 2134 14
2121 2135 15
2121 2136 0
2122 2127 0
2122 2128 0
2122 2129 0
2123 2125 0
2123 2126 0
2124 2010 12
2124 2011 13
2124 2012 0
2127 2130 0
2127 2131 0
2128 2013 0
2129 2013 0
2132 2014 14
2132 2015 15
2132 2016 0
2133 2142 14
2133 2143 15
2133 2144 0
2133 2145 0
2134 2137 0
2134 2138 0
2134 2139 0
2135 2137 0
2135 2138 0
2135 2139 0
2136 2014 14
2136 2015 15
2136 2016 0
2137 2140 0
2137 2141 0
2138 2019 0
2139 2019 0
2142 2140 0
2142 2141 0
2143 2140 0
2143 2141 0
2144 2017 14
2144 2018 15
2145 2017 14
2145 2018 15
2146 2147 0
2146 2148 0
2147 2504 0
2147 2505 3
2147 2506 4
2148 2149 0
2148 2150 3
2148 2151 4
2149 2328 3
2149 2152 4
2150 2328 0
2150 2329 5
2151 2152 0
2151 2153 5
2152 2154 5
2153 2154 0
2154 2155 6
2155 2156 0
2155 2157 7
2156 2158 7
2157 2158 0
2158 2159 8
2159 2160 9
2159 2161 0
2159 2162 10
2159 2163 11
2159 2164 0
2159 2165 0
2160 2294 0
2160 2295 0
2160 2296 0
2161 2166 11
2161 2167 9
2161 2168 0
2161 2169 10
2162 2260 0
2162 2261 0
2162 2262 0
2163 2226 0
2163 2227 0
2163 2228 0
2164 2216 0
2164 2217 0
2164 2218 0
2164 2219 0
2164 2220 0
2165 2166 11
2165 2167 9
2165 2168 0
2165 2169 10
2166 2202 0
2167 2188 0
2168 2184 0
2168 2185 0
2168 2186 0
2169 2170 0
2170 2171 0
2170 2172 0
2170 2173 0
2171 2171 0
2171 2172 0
2171 2173 0
2172 2171 0
2172 2172 0
2172 2173 0
2173 2174 12
2173 2175 13
2173 2176 0
2174 2178 14
2174 2179 15
2174 2180 0
2175 2177 0
2178 2183 0
2179 2183 0
2180 2181 14
2180 2182 15
2184 2184 0
2184 2185 0
2184 2186 0
2185 2184 0
2185 2185 0
2185 2186 0
2186 2187 0
2188 2189 0
2188 2190 0
2188 2191 0
2189 2189 0
2189 2190 0
2189 2191 0
2190 2189 0
2190 2190 0
2190 2191 0
2191 2192 12
2191 2193 13
2191 2194 0
2192 2196 14
2192 2197 15
2192 2198 0
2193 2195 0
2196 2201 0
2197 2201 0
2198 2199 14
2198 2200 15
2202 2203 0
2202 2204 0
2202 2205 0
2203 2203 0
2203 2204 0
2203 2205 0
2204 2203 0
2204 2204 0
2204 2205 0
2205 2206 12
2205 2207 13
2205 2208 0
2206 2210 14
2206 2211 15
2206 2212 0
2207 2209 0
2210 2215 0
2211 2215 0
2212 2213 14
2212 2214 15
2216 2184 0
2216 2185 0
2216 2186 0
2217 2216 0
2217 2217 0
2217 2218 0
2217 2219 0
2217 2220 0
2218 2216 0
2218 2217 0
2218 2218 0
2218 2219 0
2218 2220 0
2219 2221 0
2219 2222 0
2219 2223 0
2220 2184 0
2220 2185 0
2220 2186 0
2221 2224 0
2221 2225 0
2222 2187 0
2223 2187 0
2226 2229 0
2226 2230 0
2226 2231 0
2226 2232 0
2226 2233 0
2227 2202 0
2228 2202 0
2229 2203 0
2229 2204 0
2229 2205 0
2230 2229 0
2230 2230 0
2230 2231 0
2230 2232 0
2230 2233 0
2231 2229 0
2231 2230 0
2231 2231 0
2231 2232 0
2231 2233 0
2232 2234 0
2232 2235 12
2232 2236 13
2232 2237 0
2232 2238 0
2233 2203 0
2233 2204 0
2233 2205 0
2234 2206 12
2234 2207 13
2234 2208 0
2235 2246 0
2235 2247 0
2235 2248 14
2235 2249 15
2235 2250 0
2236 2241 0
2236 2242 0
2236 2243 0
2237 2239 0
2237 2240 0
2238 2206 12
2238 2207 13
2238 2208 0
2241 2244 0
2241 2245 0
2242 2209 0
2243 2209 0
2246 2210 14
2246 2211 15
2246 2212 0
2247 2256 14
2247 2257 15
2247 2258 0
2247 2259 0
2248 2251 0
2248 2252 0
2248 2253 0
2249 2251 0
2249 2252 0
2249 2253 0
2250 2210 14
2250 2211 15
2250 2212 0
2251 2254 0
2251 2255 0
2252 2215 0
2253 2215 0
2256 2254 0
2256 2255 0
2257 2254 0
2257 2255 0
2258 2213 14
2258 2214 15
2259 2213 14
2259 2214 15
2260 2263 0
2260 2264 0
2260 2265 0
2260 2266 0
2260 2267 0
2261 2170 0
2262 2170 0
2263 2171 0
2263 2172 0
2263 2173 0
2264 2263 0
2264 2264 0
2264 2265 0
2264 2266 0
2264 2267 0
2265 2263 0
2265 2264 0
2265 2265 0
2265 2266 0
2265 2267 0
2266 2268 0
2266 2269 12
2266 2270 13
2266 2271 0
2266 2272 0
2267 2171 0
2267 2172 0
2267 2173 0
2268 2174 12
2268 2175 13
2268 2176 0
2269 2280 0
2269 2281 0
2269 2282 14
2269 2283 15
2269 2284 0
2270 2275 0
2270 2276 0
2270 2277 0
2271 2273 0
2271 2274 0
2272 2174 12
2272 2175 13
2272 2176 0
2275 2278 0
2275 2279 0
2276 2177 0
2277 2177 0
2280 2178 14
2280 2179 15
2280 2180 0
2281 2290 14
2281 2291 15
2281 2292 0
2281 2293 0
2282 2285 0
2282 2286 0
2282 2287 0
2283 2285 0
2283 2286 0
2283 2287 0
2284 2178 14
2284 2179 15
2284 2180 0
2285 2288 0
2285 2289 0
2286 2183 0
2287 2183 0
2290 2288 0
2290 2289 0
2291 2288 0
2291 2289 0
2292 2181 14
2292 2182 15
2293 2181 14
2293 2182 15
2294 2297 0
2294 2298 0
2294 2299 0
2294 2300 0
2294 2301 0
2295 2188 0
2296 2188 0
2297 2189 0
2297 2190 0
2297 2191 0
2298 2297 0
2298 2298 0
2298 2299 0
2298 2300 0
2298 2301 0
2299 2297 0
2299 2298 0
2299 2299 0
2299 2300 0
2299 2301 0
2300 2302 0
2300 2303 12
2300 2304 13
2300 2305 0
2300 2306 0
2301 2189 0
2301 2190 0
2301 2191 0
2302 2192 12
2302 2193 13
2302 2194 0
2303 2314 0
2303 2315 0
2303 2316 14
2303 2317 15
2303 2318 0
2304 2309 0
2304 2310 0
2304 2311 0
2305 2307 0
2305 2308 0
2306 2192 12
2306 2193 13
2306 2194 0
2309 2312 0
2309 2313 0
2310 2195 0
2311 2195 0
2314 2196 14
2314 2197 15
2314 2198 0
2315 2324 14
2315 2325 15
2315 2326 0
2315 2327 0
2316 2319 0
2316 2320 0
2316 2321 0
2317 2319 0
2317 2320 0
2317 2321 0
2318 2196 14
2318 2197 15
2318 2198 0
2319 2322 0
2319 2323 0
2320 2201 0
2321 2201 0
2324 2322 0
2324 2323 0
2325 2322 0
2325 2323 0
2326 2199 14
2326 2200 15
2327 2199 14
2327 2200 15
2328 2330 5
2329 2330 0
2330 2331 6
2331 2332 0
2331 2333 7
2332 2334 7
2333 2334 0
2334 2335 8
2335 2336 9
2335 2337 0
2335 2338 10
2335 2339 11
2335 2340 0
2335 2341 0
2336 2470 0
2336 2471 0
2336 2472 0
2337 2342 11
2337 2343 9
2337 2344 0
2337 2345 10
2338 2436 0
2338 2437 0
2338 2438 0
2339 2402 0
2339 2403 0
2339 2404 0
2340 2392 0
2340 2393 0
2340 2394 0
2340 2395 0
2340 2396 0
2341 2342 11
2341 2343 9
2341 2344 0
2341 2345 10
2342 2378 0
2343 2364 0
2344 2360 0
2344 2361 0
2344 2362 0
2345 2346 0
2346 2347 0
2346 2348 0
2346 2349 0
2347 2347 0
2347 2348 0
2347 2349 0
2348 2347 0
2348 2348 0
2348 2349 0
2349 2350 12
2349 2351 13
2349 2352 0
2350 2354 14
2350 2355 15
2350 2356 0
2351 2353 0
2354 2359 0
2355 2359 0
2356 2357 14
2356 2358 15
2360 2360 0
2360 2361 0
2360 2362 0
2361 2360 0
2361 2361 0
2361 2362 0
2362 2363 0
2364 2365 0
2364 2366 0
2364 2367 0
2365 2365 0
2365 2366 0
2365 2367 0
2366 2365 0
2366 2366 0
2366 2367 0
2367 2368 12
2367 2369 13
2367 2370 0
2368 2372 14
2368 2373 15
2368 2374 0
2369 2371 0
2372 2377 0
2373 2377 0
2374 2375 14
2374 2376 15
2378 2379 0
2378 2380 0
2378 2381 0
2379 2379 0
2379 2380 0
2379 2381 0
2380 2379 0
2380 2380 0
2380 2381 0
2381 2382 12
2381 2383 13
2381 2384 0
2382 2386 14
2382 2387 15
2382 2388 0
2383 2385 0
2386 2391 0
2387 2391 0
2388 2389 14
2388 2390 15
2392 2360 0
2392 2361 0
2392 2362 0
2393 2392 0
2393 2393 0
2393 2394 0
2393 2395 0
2393 2396 0
2394 2392 0
2394 2393 0
2394 2394 0
2394 2395 0
2394 2396 0
2395 2397 0
2395 2398 0
2395 2399 0
2396 2360 0
2396 2361 0
2396 2362 0
2397 2400 0
2397 2401 0
2398 2363 0
2399 2363 0
2402 2405 0
2402 2406 0
2402 2407 0
2402 2408 0
2402 2409 0
2403 2378 0
2404 2378 0
2405 2379 0
2405 2380 0
2405 2381 0
2406 2405 0
2406 2406 0
2406 2407 0
2406 2408 0
2406 2409 0
2407 2405 0
2407 2406 0
2407 2407 0
2407 2408 0
2407 2409 0
2408 2410 0
2408 2411 12
2408 2412 13
2408 2413 0
2408 2414 0
2409 2379 0
2409 2380 0
2409 2381 0
2410 2382 12
2410 2383 13
2410 2384 0
2411 2422 0
2411 2423 0
2411 2424 14
2411 2425 15
2411 2426 0
2412 2417 0
2412 2418 0
2412 2419 0
2413 2415 0
2413 2416 0
2414 2382 12
2414 2383 13
2414 2384 0
2417 2420 0
2417 2421 0
2418 2385 0
2419 2385 0
2422 2386 14
2422 2387 15
2422 2388 0
2423 2432 14
2423 2433 15
2423 2434 0
2423 2435 0
2424 2427 0
2424 2428 0
2424 2429 0
2425 2427 0
2425 2428 0
2425 2429 0
2426 2386 14
2426 2387 15
2426 2388 0
2427 2430 0
2427 2431 0
2428 2391 0
2429 2391 0
2432 2430 0
2432 2431 0
2433 2430 0
2433 2431 0
2434 2389 14
2434 2390 15
2435 2389 14
2435 2390 15
2436 2439 0
2436 2440 0
2436 2441 0
2436 2442 0
2436 2443 0
2437 2346 0
2438 2346 0
2439 2347 0
2439 2348 0
2439 2349 0
2440 2439 0
2440 2440 0
2440 2441 0
2440 2442 0
2440 2443 0
2441 2439 0
2441 2440 0
2441 2441 0
2441 2442 0
2441 2443 0
2442 2444 0
2442 2445 12
2442 2446 13
2442 2447 0
2442 2448 0
2443 2347 0
2443 2348 0
2443 2349 0
2444 2350 12
2444 2351 13
2444 2352 0
2445 2456 0
2445 2457 0
2445 2458 14
2445 2459 15
2445 2460 0
2446 2451 0
2446 2452 0
2446 2453 0
2447 2449 0
2447 2450 0
2448 2350 12
2448 2351 13
2448 2352 0
2451 2454 0
2451 2455 0
2452 2353 0
2453 2353 0
2456 2354 14
2456 2355 15
2456 2356 0
2457 2466 14
2457 2467 15
2457 2468 0
2457 2469 0
2458 2461 0
2458 2462 0
2458 2463 0
2459 2461 0
2459 2462 0
2459 2463 0
2460 2354 14
2460 2355 15
2460 2356 0
2461 2464 0
2461 2465 0
2462 2359 0
2463 2359 0
2466 2464 0
2466 2465 0
2467 2464 0
2467 2465 0
2468 2357 14
2468 2358 15
2469 2357 14
2469 2358 15
2470 2473 0
2470 2474 0
2470 2475 0
2470 2476 0
2470 2477 0
2471 2364 0
2472 2364 0
2473 2365 0
2473 2366 0
2473 2367 0
2474 2473 0
2474 2474 0
2474 2475 0
2474 2476 0
2474 2477 0
2475 2473 0
2475 2474 0
2475 2475 0
2475 2476 0
2475 2477 0
2476 2478 0
2476 2479 12
2476 2480 13
2476 2481 0
2476 2482 0
2477 2365 0
2477 2366 0
2477 2367 0
2478 2368 12
2478 2369 13
2478 2370 0
2479 2490 0
2479 2491 0
2479 2492 14
2479 2493 15
2479 2494 0
2480 2485 0
2480 2486 0
2480 2487 0
2481 2483 0
2481 2484 0
2482 2368 12
2482 2369 13
2482 2370 0
2485 2488 0
2485 2489 0
2486 2371 0
2487 2371 0
2490 2372 14
2490 2373 15
2490 2374 0
2491 2500 14
2491 2501 15
2491 2502 0
2491 2503 0
2492 2495 0
2492 2496 0
2492 2497 0
2493 2495 0
2493 2496 0
2493 2497 0
2494 2372 14
2494 2373 15
2494 2374 0
2495 2498 0
2495 2499 0
2496 2377 0
2497 2377 0
2500 2498 0
2500 2499 0
2501 2498 0
2501 2499 0
2502 2375 14
2502 2376 15
2503 2375 14
2503 2376 15
2504 2683 3
2504 2507 4
2505 2683 0
2505 2684 5
2506 2507 0
2506 2508 5
2507 2509 5
2508 2509 0
2509 2510 6
2510 2511 0
2510 2512 7
2511 2513 7
2512 2513 0
2513 2514 8
2514 2515 9
2514 2516 0
2514 2517 10
2514 2518 11
2514 2519 0
2514 2520 0
2515 2649 0
2515 2650 0
2515 2651 0
2516 2521 11
2516 2522 9
2516 2523 0
2516 2524 10
2517 2615 0
2517 2616 0
2517 2617 0
2518 2581 0
2518 2582 0
2518 2583 0
2519 2571 0
2519 2572 0
2519 2573 0
2519 2574 0
2519 2575 0
2520 2521 11
2520 2522 9
2520 2523 0
2520 2524 10
2521 2557 0
2522 2543 0
2523 2539 0
2523 2540 0
2523 2541 0
2524 2525 0
2525 2526 0
2525 2527 0
2525 2528 0
2526 2526 0
2526 2527 0
2526 2528 0
2527 2526 0
2527 2527 0
2527 2528 0
2528 2529 12
2528 2530 13
2528 2531 0
2529 2533 14
2529 2534 15
2529 2535 0
2530 2532 0
2533 2538 0
2534 2538 0
2535 2536 14
2535 2537 15
2539 2539 0
2539 2540 0
2539 2541 0
2540 2539 0
2540 2540 0
2540 2541 0
2541 2542 0
2543 2544 0
2543 2545 0
2543 2546 0
2544 2544 0
2544 2545 0
2544 2546 0
2545 2544 0
2545 2545 0
2545 2546 0
2546 2547 12
2546 2548 13
2546 2549 0
2547 2551 14
2547 2552 15
2547 2553 0
2548 2550 0
2551 2556 0
2552 2556 0
2553 2554 14
2553 2555 15
2557 2558 0
2557 2559 0
2557 2560 0
2558 2558 0
2558 2559 0
2558 2560 0
2559 2558 0
2559 2559 0
2559 2560 0
2560 2561 12
2560 2562 13
2560 2563 0
2561 2565 14
2561 2566 15
2561 2567 0
2562 2564 0
2565 2570 0
2566 2570 0
2567 2568 14
2567 2569 15
2571 2539 0
2571 2540 0
2571 2541 0
2572 2571 0
2572 2572 0
2572 2573 0
2572 2574 0
2572 2575 0
2573 2571 0
2573 2572 0
2573 2573 0
2573 2574 0
2573 2575 0
2574 2576 0
2574 2577 0
2574 2578 0
2575 2539 0
2575 2540 0
2575 2541 0
2576 2579 0
2576 2580 0
2577 2542 0
2578 2542 0
2581 2584 0
2581 2585 0
2581 2586 0
2581 2587 0
2581 2588 0
2582 2557 0
2583 2557 0
2584 2558 0
2584 2559 0
2584 2560 0
2585 2584 0
2585 2585 0
2585 2586 0
2585 2587 0
2585 2588 0
2586 2584 0
2586 2585 0
2586 2586 0
2586 2587 0
2586 2588 0
2587 2589 0
2587 2590 12
2587 2591 13
2587 2592 0
2587 2593 0
2588 2558 0
2588 2559 0
2588 2560 0
2589 2561 12
2589 2562 13
2589 2563 0
2590 2601 0
2590 2602 0
2590 2603 14
2590 2604 15
2590 2605 0
2591 2596 0
2591 2597 0
2591 2598 0
2592 2594 0
2592 2595 0
2593 2561 12
2593 2562 13
2593 2563 0
2596 2599 0
2596 2600 0
2597 2564 0
2598 2564 0
2601 2565 14
2601 2566 15
2601 2567 0
2602 2611 14
2602 2612 15
2602 2613 0
2602 2614 0
2603 2606 0
2603 2607 0
2603 2608 0
2604 2606 0
2604 2607 0
2604 2608 0
2605 2565 14
2605 2566 15
2605 2567 0
2606 2609 0
2606 2610 0
2607 2570 0
2608 2570 0
2611 2609 0
2611 2610 0
2612 2609 0
2612 2610 0
2613 2568 14
2613 2569 15
2614 2568 14
2614 2569 15
2615 2618 0
2615 2619 0
2615 2620 0
2615 2621 0
2615 2622 0
2616 2525 0
2617 2525 0
2618 2526 0
2618 2527 0
2618 2528 0
2619 2618 0
2619 2619 0
2619 2620 0
2619 2621 0
2619 2622 0
2620 2618 0
2620 2619 0
2620 2620 0
2620 2621 0
2620 2622 0
2621 2623 0
2621 2624 12
2621 2625 13
2621 2626 0
2621 2627 0
2622 2526 0
2622 2527 0
2622 2528 0
2623 2529 12
2623 2530 13
2623 2531 0
2624 2635 0
2624 2636 0
2624 2637 14
2624 2638 15
2624 2639 0
2625 2630 0
2625 2631 0
2625 2632 0
2626 2628 0
2626 2629 0
2627 2529 12
2627 2530 13
2627 2531 0
2630 2633 0
2630 2634 0
2631 2532 0
2632 2532 0
2635 2533 14
2635 2534 15
2635 2535 0
2636 2645 14
2636 2646 15
2636 2647 0
2636 2648 0
2637 2640 0
2637 2641 0
2637 2642 0
2638 2640 0
2638 2641 0
2638 2642 0
2639 2533 14
2639 2534 15
2639 2535 0
2640 2643 0
2640 2644 0
2641 2538 0
2642 2538 0
2645 2643 0
2645 2644 0
2646 2643 0
2646 2644 0
2647 2536 14
2647 2537 15
2648 2536 14
2648 2537 15
2649 2652 0
2649 2653 0
2649 2654 0
2649 2655 0
2649 2656 0
2650 2543 0
2651 2543 0
2652 2544 0
2652 2545 0
2652 2546 0
2653 2652 0
2653 2653 0
2653 2654 0
2653 2655 0
2653 2656 0
2654 2652 0
2654 2653 0
2654 2654 0
2654 2655 0
2654 2656 0
2655 2657 0
2655 2658 12
2655 2659 13
2655 2660 0
2655 2661 0
2656 2544 0
2656 2545 0
2656 2546 0
2657 2547 12
2657 2548 13
2657 2549 0
2658 2669 0
2658 2670 0
2658 2671 14
2658 2672 15
2658 2673 0
2659 2664 0
2659 2665 0
2659 2666 0
2660 2662 0
2660 2663 0
2661 2547 12
2661 2548 13
2661 2549 0
2664 2667 0
2664 2668 0
2665 2550 0
2666 2550 0
2669 2551 14
2669 2552 15
2669 2553 0
2670 2679 14
2670 2680 15
2670 2681 0
2670 2682 0
2671 2674 0
2671 2675 0
2671 2676 0
2672 2674 0
2672 2675 0
2672 2676 0
2673 2551 14
2673 2552 15
2673 2553 0
2674 2677 0
2674 2678 0
2675 2556 0
2676 2556 0
2679 2677 0
2679 2678 0
2680 2677 0
2680 2678 0
2681 2554 14
2681 2555 15
2682 2554 14
2682 2555 15
2683 2685 5
2684 2685 0
2685 2686 6
2686 2687 0
2686 2688 7
2687 2689 7
2688 2689 0
2689 2690 8
2690 2691 9
2690 2692 0
2690 2693 10
2690 2694 11
2690 2695 0
2690 2696 0
2691 2825 0
2691 2826 0
2691 2827 0
2692 2697 11
2692 2698 9
2692 2699 0
2692 2700 10
2693 2791 0
2693 2792 0
2693 2793 0
2694 2757 0
2694 2758 0
2694 2759 0
2695 2747 0
2695 2748 0
2695 2749 0
2695 2750 0
2695 2751 0
2696 2697 11
2696 2698 9
2696 2699 0
2696 2700 10
2697 2733 0
2698 2719 0
2699 2715 0
2699 2716 0
2699 2717 0
2700 2701 0
2701 2702 0
2701 2703 0
2701 2704 0
2702 2702 0
2702 2703 0
2702 2704 0
2703 2702 0
2703 2703 0
2703 2704 0
2704 2705 12
2704 2706 13
2704 2707 0
2705 2709 14
2705 2710 15
2705 2711 0
2706 2708 0
2709 2714 0
2710 2714 0
2711 2712 14
2711 2713 15
2715 2715 0
2715 2716 0
2715 2717 0
2716 2715 0
2716 2716 0
2716 2717 0
2717 2718 0
2719 2720 0
2719 2721 0
2719 2722 0
2720 2720 0
2720 2721 0
2720 2722 0
2721 2720 0
2721 2721 0
2721 2722 0
2722 2723 12
2722 2724 13
2722 2725 0
2723 2727 14
2723 2728 15
2723 2729 0
2724 2726 0
2727 2732 0
2728 2732 0
2729 2730 14
2729 2731 15
2733 2734 0
2733 2735 0
2733 2736 0
2734 2734 0
2734 2735 0
2734 2736 0
2735 2734 0
2735 2735 0
2735 2736 0
2736 2737 12
2736 2738 13
2736 2739 0
2737 2741 14
2737 2742 15
2737 2743 0
2738 2740 0
2741 2746 0
2742 2746 0
2743 2744 14
2743 2745 15
2747 2715 0
2747 2716 0
2747 2717 0
2748 2747 0
2748 2748 0
2748 2749 0
2748 2750 0
2748 2751 0
2749 2747 0
2749 2748 0
2749 2749 0
2749 2750 0
2749 2751 0
2750 2752 0
2750 2753 0
2750 2754 0
2751 2715 0
2751 2716 0
2751 2717 0
2752 2755 0
2752 2756 0
2753 2718 0
2754 2718 0
2757 2760 0
2757 2761 0
2757 2762 0
2757 2763 0
2757 2764 0
2758 2733 0
2759 2733 0
2760 2734 0
2760 2735 0
2760 2736 0
2761 2760 0
2761 2761 0
2761 2762 0
2761 2763 0
2761 2764 0
2762 2760 0
2762 2761 0
2762 2762 0
2762 2763 0
2762 2764 0
2763 2765 0
2763 2766 12
2763 2767 13
2763 2768 0
2763 2769 0
2764 2734 0
2764 2735 0
2764 2736 0
2765 2737 12
2765 2738 13
2765 2739 0
2766 2777 0
2766 2778 0
2766 2779 14
2766 2780 15
2766 2781 0
2767 2772 0
2767 2773 0
2767 2774 0
2768 2770 0
2768 2771 0
2769 2737 12
2769 2738 13
2769 2739 0
2772 2775 0
2772 2776 0
2773 2740 0
2774 2740 0
2777 2741 14
2777 2742 15
2777 2743 0
2778 2787 14
2778 2788 15
2778 2789 0
2778 2790 0
2779 2782 0
2779 2783 0
2779 2784 0
2780 2782 0
2780 2783 0
2780 2784 0
2781 2741 14
2781 2742 15
2781 2743 0
2782 2785 0
2782 2786 0
2783 2746 0
2784 2746 0
2787 2785 0
2787 2786 0
2788 2785 0
2788 2786 0
2789 2744 14
2789 2745 15
2790 2744 14
2790 2745 15
2791 2794 0
2791 2795 0
2791 2796 0
2791 2797 0
2791 2798 0
2792 2701 0
2793 2701 0
2794 2702 0
2794 2703 0
2794 2704 0
2795 2794 0
2795 2795 0
2795 2796 0
2795 2797 0
2795 2798 0
2796 2794 0
2796 2795 0
2796 2796 0
2796 2797 0
2796 2798 0
2797 2799 0
2797 2800 12
2797 2801 13
2797 2802 0
2797 2803 0
2798 2702 0
2798 2703 0
2798 2704 0
2799 2705 12
2799 2706 13
2799 2707 0
2800 2811 0
2800 2812 0
2800 2813 14
2800 2814 15
2800 2815 0
2801 2806 0
2801 2807 0
2801 2808 0
2802 2804 0
2802 2805 0
2803 2705 12
2803 2706 13
2803 2707 0
2806 2809 0
2806 2810 0
2807 2708 0
2808 2708 0
2811 2709 14
2811 2710 15
2811 2711 0
2812 2821 14
2812 2822 15
2812 2823 0
2812 2824 0
2813 2816 0
2813 2817 0
2813 2818 0
2814 2816 0
2814 2817 0
2814 2818 0
2815 2709 14
2815 2710 15
2815 2711 0
2816 2819 0
2816 2820 0
2817 2714 0
2818 2714 0
2821 2819 0
2821 2820 0
2822 2819 0
2822 2820 0
2823 2712 14
2823 2713 15
2824 2712 14
2824 2713 15
2825 2828 0
2825 2829 0
2825 2830 0
2825 2831 0
2825 2832 0
2826 2719 0
2827 2719 0
2828 2720 0
2828 2721 0
2828 2722 0
2829 2828 0
2829 2829 0
2829 2830 0
2829 2831 0
2829 2832 0
2830 2828 0
2830 2829 0
2830 2830 0
2830 2831 0
2830 2832 0
2831 2833 0
2831 2834 12
2831 2835 13
2831 2836 0
2831 2837 0
2832 2720 0
2832 2721 0
2832 2722 0
2833 2723 12
2833 2724 13
2833 2725 0
2834 2845 0
2834 2846 0
2834 2847 14
2834 2848 15
2834 2849 0
2835 2840 0
2835 2841 0
2835 2842 0
2836 2838 0
2836 2839 0
2837 2723 12
2837 2724 13
2837 2725 0
2840 2843 0
2840 2844 0
2841 2726 0
2842 2726 0
2845 2727 14
2845 2728 15
2845 2729 0
2846 2855 14
2846 2856 15
2846 2857 0
2846 2858 0
2847 2850 0
2847 2851 0
2847 2852 0
2848 2850 0
2848 2851 0
2848 2852 0
2849 2727 14
2849 2728 15
2849 2729 0
2850 2853 0
2850 2854 0
2851 2732 0
2852 2732 0
2855 2853 0
2855 2854 0
2856 2853 0
2856 2854 0
2857 2730 14
2857 2731 15
2858 2730 14
2858 2731 15
98
1 0
2 1 2
2 3 1431
2 1432 4
10 5 6 7 9 364 1433 1434 1435 1436 1791
8 1792 8 363 1615 1970 187 1437 542
8 1793 1794 10 12 365 367 1438 1439
8 1440 1441 1795 1796 11 13 366 368
8 1442 1443 1797 1798 14 16 369 371
4 17 370 372 15
38 398 399 400 401 18 20 23 24 27 43 44 45 46 430 431 432 433 434 435 436 437 438 439 75 76 77 78 79 80 81 82 83 84 373 375 378 379 382
120 512 513 514 515 516 519 520 521 522 19 21 22 25 26 28 29 30 31 32 35 47 48 49 50 53 61 62 63 64 67 85 86 87 88 89 90 91 92 93 96 97 98 99 119 120 121 122 123 124 125 126 127 130 131 132 133 153 154 155 156 157 158 159 160 161 164 165 166 167 374 376 377 380 381 383 384 385 386 387 390 402 403 404 405 408 416 417 418 419 422 440 441 442 443 444 445 446 447 448 451 452 453 454 474 475 476 477 478 479 480 481 482 485 486 487 488 508 509 510 511
48 128 388 517 394 139 140 143 528 529 532 406 151 152 412 540 541 33 162 420 39 426 173 174 177 51 57 185 186 65 449 71 460 461 464 472 473 94 483 105 106 109 494 495 498 117 118 506 507
12 129 34 66 163 389 421 450 484 518 52 407 95
36 134 135 136 137 138 391 523 524 525 526 527 409 36 423 168 169 170 171 172 54 68 455 456 457 458 459 100 101 102 103 104 489 490 491 492 493
12 69 37 40 72 107 141 175 115 149 55 183 58
24 393 396 142 531 150 411 539 414 38 41 425 428 176 56 184 59 70 73 463 471 108 497 116 505
36 397 144 145 146 147 148 533 534 535 536 537 415 42 429 178 179 180 181 182 60 74 465 466 467 468 469 110 111 112 113 114 499 500 501 502 503
8 362 717 1616 1617 1971 1972 188 543
8 544 546 1618 1619 1973 1974 189 191
4 192 545 547 190
38 256 257 258 259 548 550 553 554 557 573 574 575 576 193 195 198 199 202 218 219 220 221 605 606 607 608 609 610 611 612 613 614 250 251 252 253 254 255
120 549 551 552 555 556 558 559 560 561 562 565 577 578 579 580 583 591 592 593 594 597 615 616 617 618 619 620 621 622 623 626 627 628 629 649 650 651 652 653 654 655 656 657 660 661 662 663 683 684 685 686 687 688 689 690 691 694 695 696 697 194 196 197 200 201 203 204 205 206 207 210 222 223 224 225 228 236 237 238 239 242 260 261 262 263 264 265 266 267 268 271 272 273 274 294 295 296 297 298 299 300 301 302 305 306 307 308 328 329 330 331 332 333 334 335 336 339 340 341 342
48 647 648 269 658 280 281 284 669 670 673 292 293 681 682 303 563 692 569 314 315 318 703 704 707 581 326 327 587 715 716 208 337 595 214 601 348 349 352 226 232 360 361 240 624 246 635 636 639
12 227 582 270 304 209 241 338 564 596 625 659 693
36 275 276 277 278 279 664 665 666 667 668 309 310 311 312 313 566 698 699 700 701 702 584 211 598 343 344 345 346 347 229 243 630 631 632 633 634
12 290 324 230 358 233 212 244 215 282 247 316 350
24 646 283 672 291 680 568 571 317 706 325 586 714 589 213 600 216 603 351 231 359 234 245 248 638
36 640 641 642 643 644 285 286 287 288 289 674 675 676 677 678 572 319 320 321 322 323 708 709 710 711 712 590 217 604 353 354 355 356 357 235 249
12 392 424 395 427 462 496 530 538 470 504 410 413
12 705 567 645 679 585 713 588 602 599 570 637 671
10 2146 2147 2148 2149 2504 718 719 720 722 1077
8 900 2150 1255 2505 721 1076 2328 2683
8 2151 2152 2506 2507 723 725 1078 1080
8 2153 2154 2508 2509 724 726 1079 1081
8 2155 2156 2510 2511 727 729 1082 1084
4 728 730 1083 1085
38 1152 788 789 790 791 792 793 794 795 796 797 1086 1088 1091 1092 1095 1143 1111 1112 1113 1114 731 733 736 737 740 756 757 758 759 1144 1145 1146 1147 1148 1149 1150 1151
120 1087 1089 1090 1093 1094 1096 1097 1098 1099 1100 1103 1115 1116 1117 1118 1121 1129 1130 1131 1132 1135 1153 1154 1155 1156 1157 1158 1159 1160 1161 1164 1165 1166 1167 1187 1188 1189 1190 1191 1192 1193 1194 1195 1198 1199 1200 1201 1221 1222 1223 1224 1225 1226 1227 1228 1229 1232 1233 1234 1235 732 734 735 738 739 741 742 743 744 745 748 760 761 762 763 766 774 775 776 777 780 798 799 800 801 802 803 804 805 806 809 810 811 812 832 833 834 835 836 837 838 839 840 843 844 845 846 866 867 868 869 870 871 872 873 874 877 878 879 880
48 770 898 899 778 1162 784 1173 1174 1177 1185 1186 807 1196 818 819 822 1207 1208 1211 830 831 1219 1220 841 1101 1230 1107 852 853 856 1241 1242 1245 1119 864 865 1125 1253 1254 746 875 1133 752 1139 886 887 890 764
12 1120 808 842 779 747 876 1102 1134 1163 1197 1231 765
36 781 1168 1169 1170 1171 1172 813 814 815 816 817 1202 1203 1204 1205 1206 847 1104 848 849 850 851 1236 1237 1238 1239 1240 1122 749 1136 881 882 883 884 885 767
12 768 896 771 750 782 753 785 820 854 888 828 862
24 769 897 772 783 786 1176 1184 821 1210 829 1218 1106 1109 855 1244 863 1124 1252 1127 751 754 1138 1141 889
36 773 787 1178 1179 1180 1181 1182 823 824 825 826 827 1212 1213 1214 1215 1216 1110 857 858 859 860 861 1246 1247 1248 1249 1250 1128 755 1142 891 892 893 894 895
8 901 1256 1075 1430 2329 2330 2684 2685
8 902 904 1257 1259 2331 2332 2686 2687
4 905 1258 1260 903
38 1286 1287 1288 1289 906 908 911 912 915 931 932 933 934 1318 1319 1320 1321 1322 1323 1324 1325 1326 1327 963 964 965 966 967 968 969 970 971 972 1261 1263 1266 1267 1270
120 1041 1042 1043 1044 1045 1046 1047 1048 1049 1052 1053 1054 1055 1262 1264 1265 1268 1269 1271 1272 1273 1274 1275 1278 1290 1291 1292 1293 1296 1304 1305 1306 1307 1310 1328 1329 1330 1331 1332 1333 1334 1335 1336 1339 1340 1341 1342 1362 1363 1364 1365 1366 1367 1368 1369 1370 1373 1374 1375 1376 1396 1397 1398 1399 1400 1401 1402 1403 1404 1407 1408 1409 1410 907 909 910 913 914 916 917 918 919 920 923 935 936 937 938 941 949 950 951 952 955 973 974 975 976 977 978 979 980 981 984 985 986 987 1007 1008 1009 1010 1011 1012 1013 1014 1015 1018 1019 1020 1021
48 1282 1027 1028 1031 1416 1417 1420 1294 1039 1040 1300 1428 1429 921 1050 1308 927 1314 1061 1062 1065 939 945 1073 1074 953 1337 959 1348 1349 1352 1360 1361 982 1371 993 994 997 1382 1383 1386 1005 1006 1394 1395 1016 1276 1405
12 1309 940 1338 1295 983 1017 954 1051 1372 1277 1406 922
36 1024 1025 1026 1411 1412 1413 1414 1415 1297 1023 924 1311 1056 1057 1058 1059 1060 942 956 1343 1344 1345 1346 1347 988 989 990 991 992 1377 1378 1379 1380 1381 1022 1279
12 928 960 995 1029 1063 1003 1037 925 943 1071 946 957
24 1281 1284 1030 1419 1038 1299 1427 1302 926 929 1313 1316 1064 944 1072 947 958 961 1351 1359 996 1385 1004 1393
36 1285 1032 1033 1034 1035 1036 1421 1422 1423 1424 1425 1303 930 1317 1066 1067 1068 1069 1070 948 962 1353 1354 1355 1356 1357 998 999 1000 1001 1002 1387 1388 1389 1390 1391
12 1217 1123 1251 1126 1105 1137 1108 1140 1175 1209 1243 1183
12 1280 1312 1283 1315 1350 1384 1418 1358 1392 1298 1426 1301
4 1800 1444 1445 1799
38 1801 1803 1806 1807 1810 1826 1827 1828 1829 1446 1448 1451 1452 1455 1471 1472 1473 1474 1858 1859 1860 1861 1862 1863 1864 1865 1866 1867 1503 1504 1505 1506 1507 1508 1509 1510 1511 1512
120 1547 1548 1549 1550 1551 1552 1553 1554 1555 1558 1559 1560 1561 1581 1582 1583 1584 1585 1586 1587 1588 1589 1592 1593 1594 1595 1802 1804 1805 1808 1809 1811 1812 1813 1814 1815 1818 1830 1831 1832 1833 1836 1844 1845 1846 1847 1850 1868 1869 1870 1871 1872 1873 1874 1875 1876 1879 1880 1881 1882 1902 1903 1904 1905 1906 1907 1908 1909 1910 1913 1914 1915 1916 1936 1937 1938 1939 1940 1941 1942 1943 1944 1947 1948 1949 1950 1447 1449 1450 1453 1454 1456 1457 1458 1459 1460 1463 1475 1476 1477 1478 1481 1489 1490 1491 1492 1495 1513 1514 1515 1516 1517 1518 1519 1520 1521 1524 1525 1526 1527
48 1537 1922 1923 1926 1545 1546 1934 1935 1556 1816 1945 1822 1567 1568 1571 1956 1957 1960 1834 1579 1580 1840 1968 1969 1461 1590 1848 1467 1854 1601 1602 1605 1479 1485 1613 1614 1493 1877 1499 1888 1889 1892 1900 1901 1522 1911 1533 1534
12 1591 1480 1835 1523 1912 1557 1494 1462 1849 1817 1878 1946
36 1920 1921 1562 1819 1563 1565 1564 1566 1951 1952 1953 1954 1955 1837 1464 1851 1596 1597 1598 1599 1600 1482 1496 1883 1884 1885 1886 1887 1528 1529 1530 1531 1532 1917 1918 1919
24 1924 1543 1932 1820 1823 1569 1958 1577 1838 1966 1841 1465 1852 1468 1855 1603 1483 1611 1486 1497 1500 1890 1898 1535
12 1501 1536 1570 1604 1544 1578 1484 1612 1487 1466 1498 1469
36 1538 1539 1540 1541 1542 1927 1928 1929 1930 1931 1825 1572 1573 1574 1575 1576 1961 1962 1963 1964 1965 1843 1470 1857 1606 1607 1608 1609 1610 1488 1502 1893 1894 1895 1896 1897
4 1976 1620 1621 1975
38 1679 1680 1681 1682 1683 1684 1685 1686 1687 1688 2039 1977 1979 1982 1983 1986 2002 2003 2004 2005 1622 1624 1627 1628 1631 1647 1648 1649 1650 2034 2035 2036 2037 2038 2040 2041 2042 2043
120 2048 2049 2050 2051 2052 2055 2056 2057 2058 2078 2079 2080 2081 2082 2083 2084 2085 2086 2089 2090 2091 2092 2112 2113 2114 2115 2116 2117 2118 2119 2120 2123 2124 2125 2126 1623 1625 1626 1629 1630 1632 1633 1634 1635 1636 1639 1651 1652 1653 1654 1657 1665 1666 1667 1668 1671 1689 1690 1691 1692 1693 1694 1695 1696 1697 1700 1701 1702 1703 1723 1724 1725 1726 1727 1728 1729 1730 1731 1734 1735 1736 1737 1757 1758 1759 1760 1761 1762 1763 1764 1765 1768 1769 1770 1771 1978 1980 1981 1984 1985 1987 1988 1989 1990 1991 1994 2006 2007 2008 2009 2012 2020 2021 2022 2023 2026 2044 2045 2046 2047
48 1669 2053 1675 2064 2065 2068 2076 2077 1698 2087 1789 1709 1710 1713 2098 2099 2102 1721 1722 2110 2111 1732 1992 2121 1998 1743 1744 1747 2132 2133 2136 2010 1755 1756 2016 2144 2145 1637 1766 2024 1643 2030 1777 1778 1781 1655 1661 1790
12 1699 1733 1670 1638 1767 1993 2025 2054 2088 2122 1656 2011
36 1672 2059 2060 2061 2062 2063 1704 1705 1706 1707 1708 2093 2094 2095 2096 2097 1738 1739 1740 1741 1742 1995 2127 2128 2129 2130 2131 2013 1640 2027 1772 1773 1774 1775 1776 1658
24 1673 1676 2066 2074 1787 1711 2100 1719 2108 1996 1999 1745 2134 1753 2014 2142 2017 1641 1644 2028 2031 1779 1659 1662
12 1788 1642 1674 1645 1677 1712 1746 1780 1720 1754 1660 1663
36 1664 1678 2069 2070 2071 2072 2073 1714 1715 1716 1717 1718 2103 2104 2105 2106 2107 2001 1748 1749 1750 1751 1752 2137 2138 2139 2140 2141 2019 1646 2033 1782 1783 1784 1785 1786
12 1824 1856 1891 1925 1959 1821 1899 1933 1839 1967 1842 1853
12 2018 2029 1997 2000 2032 2067 2101 2135 2075 2109 2143 2015
4 2512 2513 2157 2158
38 2184 2185 2186 2187 2571 2572 2573 2574 2575 2576 2577 2578 2579 2580 2216 2217 2218 2219 2220 2221 2222 2223 2224 2225 2514 2516 2519 2520 2523 2539 2540 2541 2542 2159 2161 2164 2165 2168
120 2560 2563 2581 2582 2583 2584 2585 2586 2587 2588 2589 2592 2593 2594 2595 2615 2616 2617 2618 2619 2620 2621 2622 2623 2626 2627 2628 2629 2649 2650 2651 2652 2653 2654 2655 2656 2657 2660 2661 2662 2663 2160 2162 2163 2166 2167 2169 2170 2171 2172 2173 2176 2188 2189 2190 2191 2194 2202 2203 2204 2205 2208 2226 2227 2228 2229 2230 2231 2232 2233 2234 2237 2238 2239 2240 2260 2261 2262 2263 2264 2265 2266 2267 2268 2271 2272 2273 2274 2294 2295 2296 2297 2298 2299 2300 2301 2302 2305 2306 2307 2308 2515 2517 2518 2521 2522 2524 2525 2526 2527 2528 2531 2543 2544 2545 2546 2549 2557 2558 2559
48 2561 2180 2567 2314 2315 2318 2192 2198 2326 2327 2206 2590 2212 2601 2602 2605 2681 2613 2614 2235 2624 2246 2247 2250 2635 2636 2639 2258 2259 2647 2648 2269 2529 2658 2535 2280 2281 2284 2669 2670 2673 2547 2292 2293 2553 2682 2174 2303
12 2304 2625 2530 2562 2659 2591 2193 2548 2175 2236 2270 2207
36 2177 2564 2309 2310 2311 2312 2313 2195 2209 2596 2597 2598 2599 2600 2241 2242 2243 2244 2245 2630 2631 2632 2633 2634 2275 2276 2277 2278 2279 2532 2664 2665 2666 2667 2668 2550
24 2178 2181 2565 2568 2316 2196 2324 2199 2210 2213 2679 2603 2611 2248 2637 2256 2645 2533 2536 2282 2671 2290 2551 2554
12 2179 2211 2182 2214 2249 2283 2317 2257 2291 2197 2325 2200
36 2183 2570 2319 2320 2321 2322 2323 2201 2215 2606 2607 2608 2609 2610 2251 2252 2253 2254 2255 2640 2641 2642 2643 2644 2538 2285 2286 2287 2288 2289 2674 2675 2676 2677 2678 2556
4 2688 2689 2333 2334
38 2690 2692 2695 2696 2699 2715 2716 2717 2718 2335 2337 2340 2341 2344 2360 2361 2362 2363 2747 2748 2749 2750 2751 2752 2753 2754 2755 2756 2392 2393 2394 2395 2396 2397 2398 2399 2400 2401
120 2691 2693 2694 2697 2698 2700 2701 2702 2703 2704 2707 2719 2720 2721 2722 2725 2733 2734 2735 2736 2739 2757 2758 2759 2760 2761 2762 2763 2764 2765 2768 2769 2770 2771 2791 2792 2793 2794 2795 2796 2797 2798 2799 2802 2803 2804 2805 2825 2826 2827 2828 2829 2830 2831 2832 2833 2836 2837 2838 2839 2336 2338 2339 2342 2343 2345 2346 2347 2348 2349 2352 2364 2365 2366 2367 2370 2378 2379 2380 2381 2384 2402 2403 2404 2405 2406 2407 2408 2409 2410 2413 2414 2415 2416 2436 2437 2438 2439 2440 2441 2442 2443 2444 2447 2448 2449 2450 2470 2471 2472 2473 2474 2475 2476 2477 2478 2481 2482 2483 2484
48 2434 2435 2823 2824 2445 2705 2834 2711 2456 2457 2460 2845 2846 2849 2723 2468 2469 2729 2857 2858 2350 2479 2737 2356 2743 2490 2491 2494 2368 2374 2502 2503 2382 2766 2388 2777 2778 2781 2789 2790 2411 2800 2422 2423 2426 2811 2812 2815
12 2369 2724 2412 2446 2383 2351 2480 2706 2738 2767 2801 2835
36 2451 2708 2452 2453 2455 2454 2840 2841 2842 2843 2844 2726 2353 2740 2485 2486 2487 2488 2489 2371 2385 2772 2773 2774 2775 2776 2417 2418 2419 2420 2421 2806 2807 2808 2809 2810
24 2432 2821 2709 2712 2458 2847 2466 2727 2855 2730 2354 2357 2741 2744 2492 2372 2500 2375 2386 2389 2779 2787 2424 2813
12 2433 2467 2373 2501 2376 2387 2355 2358 2390 2425 2459 2493
36 2816 2817 2818 2819 2820 2714 2461 2462 2463 2464 2465 2850 2851 2852 2853 2854 2732 2359 2746 2495 2496 2497 2498 2499 2377 2391 2782 2783 2784 2785 2786 2427 2428 2429 2430 2431
12 2534 2566 2537 2569 2604 2680 2638 2672 2612 2646 2552 2555
12 2848 2788 2822 2728 2856 2731 2745 2742 2710 2713 2780 2814
1424
7
8
9
10
11
12
13
14
15
16
17
18
19
20
21
22
23
24
25
26
27
28
29
30
31
32
33
34
35
36
37
38
39
40
41
42
43
44
45
46
47
48
49
50
51
52
53
54
55
56
57
58
59
60
61
62
63
64
65
66
67
68
69
70
71
72
73
74
75
76
77
78
79
80
81
82
83
84
85
86
87
88
89
90
91
92
93
94
95
96
97
98
99
100
101
102
103
104
105
106
107
108
109
110
111
112
113
114
115
116
117
118
119
120
121
122
123
124
125
126
127
128
129
130
131
132
133
134
135
136
137
138
139
140
141
142
143
144
145
146
147
148
149
150
151
152
153
154
155
156
157
158
159
160
161
162
163
164
165
166
167
168
169
170
171
172
173
174
175
176
177
178
179
180
181
182
183
184
185
186
187
188
189
190
191
192
193
194
195
196
197
198
199
200
201
202
203
204
205
206
207
208
209
210
211
212
213
214
215
216
217
218
219
220
221
222
223
224
225
226
227
228
229
230
231
232
233
234
235
236
237
238
239
240
241
242
243
244
245
246
247
248
249
250
251
252
253
254
255
256
257
258
259
260
261
262
263
264
265
266
267
268
269
270
271
272
273
274
275
276
277
278
279
280
281
282
283
284
285
286
287
288
289
290
291
292
293
294
295
296
297
298
299
300
301
302
303
304
305
306
307
308
309
310
311
312
313
314
315
316
317
318
319
320
321
322
323
324
325
326
327
328
329
330
331
332
333
334
335
336
337
338
339
340
341
342
343
344
345
346
347
348
349
350
351
352
353
354
355
356
357
358
359
360
361
362
720
721
722
723
724
725
726
727
728
729
730
731
732
733
734
735
736
737
738
739
740
741
742
743
744
745
746
747
748
749
750
751
752
753
754
755
756
757
758
759
760
761
762
763
764
765
766
767
768
769
770
771
772
773
774
775
776
777
778
779
780
781
782
783
784
785
786
787
788
789
790
791
792
793
794
795
796
797
798
799
800
801
802
803
804
805
806
807
808
809
810
811
812
813
814
815
816
817
818
819
820
821
822
823
824
825
826
827
828
829
830
831
832
833
834
835
836
837
838
839
840
841
842
843
844
845
846
847
848
849
850
851
852
853
854
855
856
857
858
859
860
861
862
863
864
865
866
867
868
869
870
871
872
873
874
875
876
877
878
879
880
881
882
883
884
885
886
887
888
889
890
891
892
893
894
895
896
897
898
899
900
901
902
903
904
905
906
907
908
909
910
911
912
913
914
915
916
917
918
919
920
921
922
923
924
925
926
927
928
929
930
931
932
933
934
935
936
937
938
939
940
941
942
943
944
945
946
947
948
949
950
951
952
953
954
955
956
957
958
959
960
961
962
963
964
965
966
967
968
969
970
971
972
973
974
975
976
977
978
979
980
981
982
983
984
985
986
987
988
989
990
991
992
993
994
995
996
997
998
999
1000
1001
1002
1003
1004
1005
1006
1007
1008
1009
1010
1011
1012
1013
1014
1015
1016
1017
1018
1019
1020
1021
1022
1023
1024
1025
1026
1027
1028
1029
1030
1031
1032
1033
1034
1035
1036
1037
1038
1039
1040
1041
1042
1043
1044
1045
1046
1047
1048
1049
1050
1051
1052
1053
1054
1055
1056
1057
1058
1059
1060
1061
1062
1063
1064
1065
1066
1067
1068
1069
1070
1071
1072
1073
1074
1075
1435
1436
1437
1438
1439
1440
1441
1442
1443
1444
1445
1446
1447
1448
1449
1450
1451
1452
1453
1454
1455
1456
1457
1458
1459
1460
1461
1462
1463
1464
1465
1466
1467
1468
1469
1470
1471
1472
1473
1474
1475
1476
1477
1478
1479
1480
1481
1482
1483
1484
1485
1486
1487
1488
1489
1490
1491
1492
1493
1494
1495
1496
1497
1498
1499
1500
1501
1502
1503
1504
1505
1506
1507
1508
1509
1510
1511
1512
1513
1514
1515
1516
1517
1518
1519
1520
1521
1522
1523
1524
1525
1526
1527
1528
1529
1530
1531
1532
1533
1534
1535
1536
1537
1538
1539
1540
1541
1542
1543
1544
1545
1546
1547
1548
1549
1550
1551
1552
1553
1554
1555
1556
1557
1558
1559
1560
1561
1562
1563
1564
1565
1566
1567
1568
1569
1570
1571
1572
1573
1574
1575
1576
1577
1578
1579
1580
1581
1582
1583
1584
1585
1586
1587
1588
1589
1590
1591
1592
1593
1594
1595
1596
1597
1598
1599
1600
1601
1602
1603
1604
1605
1606
1607
1608
1609
1610
1611
1612
1613
1614
1615
1616
1617
1618
1619
1620
1621
1622
1623
1624
1625
1626
1627
1628
1629
1630
1631
1632
1633
1634
1635
1636
1637
1638
1639
1640
1641
1642
1643
1644
1645
1646
1647
1648
1649
1650
1651
1652
1653
1654
1655
1656
1657
1658
1659
1660
1661
1662
1663
1664
1665
1666
1667
1668
1669
1670
1671
1672
1673
1674
1675
1676
1677
1678
1679
1680
1681
1682
1683
1684
1685
1686
1687
1688
1689
1690
1691
1692
1693
1694
1695
1696
1697
1698
1699
1700
1701
1702
1703
1704
1705
1706
1707
1708
1709
1710
1711
1712
1713
1714
1715
1716
1717
1718
1719
1720
1721
1722
1723
1724
1725
1726
1727
1728
1729
1730
1731
1732
1733
1734
1735
1736
1737
1738
1739
1740
1741
1742
1743
1744
1745
1746
1747
1748
1749
1750
1751
1752
1753
1754
1755
1756
1757
1758
1759
1760
1761
1762
1763
1764
1765
1766
1767
1768
1769
1770
1771
1772
1773
1774
1775
1776
1777
1778
1779
1780
1781
1782
1783
1784
1785
1786
1787
1788
1789
1790
2148
2149
2150
2151
2152
2153
2154
2155
2156
2157
2158
2159
2160
2161
2162
2163
2164
2165
2166
2167
2168
2169
2170
2171
2172
2173
2174
2175
2176
2177
2178
2179
2180
2181
2182
2183
2184
2185
2186
2187
2188
2189
2190
2191
2192
2193
2194
2195
2196
2197
2198
2199
2200
2201
2202
2203
2204
2205
2206
2207
2208
2209
2210
2211
2212
2213
2214
2215
2216
2217
2218
2219
2220
2221
2222
2223
2224
2225
2226
2227
2228
2229
2230
2231
2232
2233
2234
2235
2236
2237
2238
2239
2240
2241
2242
2243
2244
2245
2246
2247
2248
2249
2250
2251
2252
2253
2254
2255
2256
2257
2258
2259
2260
2261
2262
2263
2264
2265
2266
2267
2268
2269
2270
2271
2272
2273
2274
2275
2276
2277
2278
2279
2280
2281
2282
2283
2284
2285
2286
2287
2288
2289
2290
2291
2292
2293
2294
2295
2296
2297
2298
2299
2300
2301
2302
2303
2304
2305
2306
2307
2308
2309
2310
2311
2312
2313
2314
2315
2316
2317
2318
2319
2320
2321
2322
2323
2324
2325
2326
2327
2328
2329
2330
2331
2332
2333
2334
2335
2336
2337
2338
2339
2340
2341
2342
2343
2344
2345
2346
2347
2348
2349
2350
2351
2352
2353
2354
2355
2356
2357
2358
2359
2360
2361
2362
2363
2364
2365
2366
2367
2368
2369
2370
2371
2372
2373
2374
2375
2376
2377
2378
2379
2380
2381
2382
2383
2384
2385
2386
2387
2388
2389
2390
2391
2392
2393
2394
2395
2396
2397
2398
2399
2400
2401
2402
2403
2404
2405
2406
2407
2408
2409
2410
2411
2412
2413
2414
2415
2416
2417
2418
2419
2420
2421
2422
2423
2424
2425
2426
2427
2428
2429
2430
2431
2432
2433
2434
2435
2436
2437
2438
2439
2440
2441
2442
2443
2444
2445
2446
2447
2448
2449
2450
2451
2452
2453
2454
2455
2456
2457
2458
2459
2460
2461
2462
2463
2464
2465
2466
2467
2468
2469
2470
2471
2472
2473
2474
2475
2476
2477
2478
2479
2480
2481
2482
2483
2484
2485
2486
2487
2488
2489
2490
2491
2492
2493
2494
2495
2496
2497
2498
2499
2500
2501
2502
2503
0
