1127
1
7830
0 1 1
0 2 2
0 3 0
0 4 0
0 5 0
0 6 0
0 7 1
0 8 1
0 9 1
0 10 1
0 11 2
0 12 2
0 13 2
0 14 2
0 15 0
0 16 0
0 17 0
0 18 0
0 19 1
0 20 1
0 21 1
0 22 1
0 23 2
0 24 2
0 25 2
0 26 2
1 27 3
1 28 4
1 7 0
1 8 0
1 9 0
1 10 0
1 29 3
1 30 3
1 31 3
1 32 3
1 33 4
1 34 4
1 35 4
1 36 4
1 19 0
1 20 0
1 21 0
1 22 0
1 37 3
1 38 3
1 39 3
1 40 3
1 41 4
1 42 4
1 43 4
1 44 4
2 45 3
2 46 4
2 11 0
2 12 0
2 13 0
2 14 0
2 47 3
2 48 3
2 49 3
2 50 3
2 51 4
2 52 4
2 53 4
2 54 4
2 23 0
2 24 0
2 25 0
2 26 0
2 55 3
2 56 3
2 57 3
2 58 3
2 59 4
2 60 4
2 61 4
2 62 4
3 7 1
3 11 2
3 63 0
3 64 0
3 15 0
3 16 0
3 65 1
3 66 1
3 19 1
3 20 1
3 67 2
3 68 2
3 23 2
3 24 2
3 69 0
3 70 0
3 71 0
3 72 0
3 73 1
3 74 1
3 75 1
3 76 1
3 77 2
3 78 2
3 79 2
3 80 2
4 8 1
4 12 2
4 81 0
4 82 0
4 17 0
4 18 0
4 83 1
4 84 1
4 21 1
4 22 1
4 85 2
4 86 2
4 25 2
4 26 2
4 87 0
4 88 0
4 89 0
4 90 0
4 91 1
4 92 1
4 93 1
4 94 1
4 95 2
4 96 2
4 97 2
4 98 2
5 9 1
5 13 2
5 15 0
5 17 0
5 99 0
5 100 0
5 19 1
5 21 1
5 101 1
5 102 1
5 23 2
5 25 2
5 103 2
5 104 2
5 105 0
5 106 0
5 107 0
5 108 0
5 109 1
5 110 1
5 111 1
5 112 1
5 113 2
5 114 2
5 115 2
5 116 2
6 10 1
6 14 2
6 16 0
6 18 0
6 117 0
6 118 0
6 20 1
6 22 1
6 119 1
6 120 1
6 24 2
6 26 2
6 121 2
6 122 2
6 123 0
6 124 0
6 125 0
6 126 0
6 127 1
6 128 1
6 129 1
6 130 1
6 131 2
6 132 2
6 133 2
6 134 2
7 29 3
7 33 4
7 65 0
7 66 0
7 19 0
7 20 0
7 135 3
7 136 3
7 37 3
7 38 3
7 137 4
7 138 4
7 41 4
7 42 4
7 73 0
7 74 0
7 75 0
7 76 0
7 139 3
7 140 3
7 141 3
7 142 3
7 143 4
7 144 4
7 145 4
7 146 4
8 30 3
8 34 4
8 83 0
8 84 0
8 21 0
8 22 0
8 147 3
8 148 3
8 39 3
8 40 3
8 149 4
8 150 4
8 43 4
8 44 4
8 91 0
8 92 0
8 93 0
8 94 0
8 151 3
8 152 3
8 153 3
8 154 3
8 155 4
8 156 4
8 157 4
8 158 4
9 31 3
9 35 4
9 19 0
9 21 0
9 101 0
9 102 0
9 37 3
9 39 3
9 159 3
9 160 3
9 41 4
9 43 4
9 161 4
9 162 4
9 109 0
9 110 0
9 111 0
9 112 0
9 163 3
9 164 3
9 165 3
9 166 3
9 167 4
9 168 4
9 169 4
9 170 4
10 32 3
10 36 4
10 20 0
10 22 0
10 119 0
10 120 0
10 38 3
10 40 3
10 171 3
10 172 3
10 42 4
10 44 4
10 173 4
10 174 4
10 127 0
10 128 0
10 129 0
10 130 0
10 175 3
10 176 3
10 177 3
10 178 3
10 179 4
10 180 4
10 181 4
10 182 4
11 47 3
11 51 4
11 67 0
11 68 0
11 23 0
11 24 0
11 183 3
11 184 3
11 55 3
11 56 3
11 185 4
11 186 4
11 59 4
11 60 4
11 77 0
11 78 0
11 79 0
11 80 0
11 187 3
11 188 3
11 189 3
11 190 3
11 191 4
11 192 4
11 193 4
11 194 4
12 48 3
12 52 4
12 85 0
12 86 0
12 25 0
12 26 0
12 195 3
12 196 3
12 57 3
12 58 3
12 197 4
12 198 4
12 61 4
12 62 4
12 95 0
12 96 0
12 97 0
12 98 0
12 199 3
12 200 3
12 201 3
12 202 3
12 203 4
12 204 4
12 205 4
12 206 4
13 49 3
13 53 4
13 23 0
13 25 0
13 103 0
13 104 0
13 55 3
13 57 3
13 207 3
13 208 3
13 59 4
13 61 4
13 209 4
13 210 4
13 113 0
13 114 0
13 115 0
13 116 0
13 211 3
13 212 3
13 213 3
13 214 3
13 215 4
13 216 4
13 217 4
13 218 4
14 50 3
14 54 4
14 24 0
14 26 0
14 121 0
14 122 0
14 56 3
14 58 3
14 219 3
14 220 3
14 60 4
14 62 4
14 221 4
14 222 4
14 131 0
14 132 0
14 133 0
14 134 0
14 223 3
14 224 3
14 225 3
14 226 3
14 227 4
14 228 4
14 229 4
14 230 4
15 19 1
15 23 2
15 69 0
15 71 0
15 105 0
15 106 0
15 73 1
15 75 1
15 109 1
15 110 1
15 77 2
15 79 2
15 113 2
15 114 2
15 231 0
15 232 0
15 233 0
15 234 0
15 235 1
15 236 1
15 237 1
15 238 1
15 239 2
15 240 2
15 241 2
15 242 2
16 20 1
16 24 2
16 70 0
16 72 0
16 123 0
16 124 0
16 74 1
16 76 1
16 127 1
16 128 1
16 78 2
16 80 2
16 131 2
16 132 2
16 243 0
16 244 0
16 245 0
16 246 0
16 247 1
16 248 1
16 249 1
16 250 1
16 251 2
16 252 2
16 253 2
16 254 2
17 21 1
17 25 2
17 87 0
17 89 0
17 107 0
17 108 0
17 91 1
17 93 1
17 111 1
17 112 1
17 95 2
17 97 2
17 115 2
17 116 2
17 255 0
17 256 0
17 257 0
17 258 0
17 259 1
17 260 1
17 261 1
17 262 1
17 263 2
17 264 2
17 265 2
17 266 2
18 22 1
18 26 2
18 88 0
18 90 0
18 125 0
18 126 0
18 92 1
18 94 1
18 129 1
18 130 1
18 96 2
18 98 2
18 133 2
18 134 2
18 267 0
18 268 0
18 269 0
18 270 0
18 271 1
18 272 1
18 273 1
18 274 1
18 275 2
18 276 2
18 277 2
18 278 2
19 37 3
19 41 4
19 73 0
19 75 0
19 109 0
19 110 0
19 139 3
19 141 3
19 163 3
19 164 3
19 143 4
19 145 4
19 167 4
19 168 4
19 235 0
19 236 0
19 237 0
19 238 0
19 279 3
19 280 3
19 281 3
19 282 3
19 283 4
19 284 4
19 285 4
19 286 4
20 38 3
20 42 4
20 74 0
20 76 0
20 127 0
20 128 0
20 140 3
20 142 3
20 175 3
20 176 3
20 144 4
20 146 4
20 179 4
20 180 4
20 247 0
20 248 0
20 249 0
20 250 0
20 287 3
20 288 3
20 289 3
20 290 3
20 291 4
20 292 4
20 293 4
20 294 4
21 39 3
21 43 4
21 91 0
21 93 0
21 111 0
21 112 0
21 151 3
21 153 3
21 165 3
21 166 3
21 155 4
21 157 4
21 169 4
21 170 4
21 259 0
21 260 0
21 261 0
21 262 0
21 295 3
21 296 3
21 297 3
21 298 3
21 299 4
21 300 4
21 301 4
21 302 4
22 40 3
22 44 4
22 92 0
22 94 0
22 129 0
22 130 0
22 152 3
22 154 3
22 177 3
22 178 3
22 156 4
22 158 4
22 181 4
22 182 4
22 271 0
22 272 0
22 273 0
22 274 0
22 303 3
22 304 3
22 305 3
22 306 3
22 307 4
22 308 4
22 309 4
22 310 4
23 55 3
23 59 4
23 77 0
23 79 0
23 113 0
23 114 0
23 187 3
23 189 3
23 211 3
23 212 3
23 191 4
23 193 4
23 215 4
23 216 4
23 239 0
23 240 0
23 241 0
23 242 0
23 311 3
23 312 3
23 313 3
23 314 3
23 315 4
23 316 4
23 317 4
23 318 4
24 56 3
24 60 4
24 78 0
24 80 0
24 131 0
24 132 0
24 188 3
24 190 3
24 223 3
24 224 3
24 192 4
24 194 4
24 227 4
24 228 4
24 251 0
24 252 0
24 253 0
24 254 0
24 319 3
24 320 3
24 321 3
24 322 3
24 323 4
24 324 4
24 325 4
24 326 4
25 57 3
25 61 4
25 95 0
25 97 0
25 115 0
25 116 0
25 199 3
25 201 3
25 213 3
25 214 3
25 203 4
25 205 4
25 217 4
25 218 4
25 263 0
25 264 0
25 265 0
25 266 0
25 327 3
25 328 3
25 329 3
25 330 3
25 331 4
25 332 4
25 333 4
25 334 4
26 58 3
26 62 4
26 96 0
26 98 0
26 133 0
26 134 0
26 200 3
26 202 3
26 225 3
26 226 3
26 204 4
26 206 4
26 229 4
26 230 4
26 275 0
26 276 0
26 277 0
26 278 0
26 335 3
26 336 3
26 337 3
26 338 3
26 339 4
26 340 4
26 341 4
26 342 4
27 29 0
27 30 0
27 31 0
27 32 0
27 343 0
27 344 0
27 37 0
27 38 0
27 345 0
27 346 0
27 39 0
27 40 0
27 347 0
27 348 0
27 349 0
27 350 0
27 351 0
27 352 0
27 353 0
27 354 0
27 355 0
27 356 0
27 357 0
27 358 0
27 359 0
27 360 0
28 33 0
28 34 0
28 35 0
28 36 0
28 361 0
28 362 0
28 41 0
28 42 0
28 363 0
28 364 0
28 43 0
28 44 0
28 365 0
28 366 0
28 367 0
28 368 0
28 369 0
28 370 0
28 371 0
28 372 0
28 373 0
28 374 0
28 375 0
28 376 0
28 377 0
28 378 0
29 135 0
29 136 0
29 37 0
29 38 0
29 345 0
29 346 0
29 139 0
29 140 0
29 379 0
29 380 0
29 141 0
29 142 0
29 381 0
29 382 0
29 353 0
29 354 0
29 355 0
29 356 0
29 383 0
29 384 0
29 385 0
29 386 0
29 387 0
29 388 0
29 389 0
29 390 0
30 147 0
30 148 0
30 39 0
30 40 0
30 347 0
30 348 0
30 151 0
30 152 0
30 391 0
30 392 0
30 153 0
30 154 0
30 393 0
30 394 0
30 357 0
30 358 0
30 359 0
30 360 0
30 395 0
30 396 0
30 397 0
30 398 0
30 399 0
30 400 0
30 401 0
30 402 0
31 37 0
31 39 0
31 159 0
31 160 0
31 349 0
31 350 0
31 163 0
31 164 0
31 353 0
31 354 0
31 165 0
31 166 0
31 357 0
31 358 0
31 403 0
31 404 0
31 405 0
31 406 0
31 407 0
31 408 0
31 409 0
31 410 0
31 411 0
31 412 0
31 413 0
31 414 0
32 38 0
32 40 0
32 171 0
32 172 0
32 351 0
32 352 0
32 175 0
32 176 0
32 355 0
32 356 0
32 177 0
32 178 0
32 359 0
32 360 0
32 415 0
32 416 0
32 417 0
32 418 0
32 419 0
32 420 0
32 421 0
32 422 0
32 423 0
32 424 0
32 425 0
32 426 0
33 137 0
33 138 0
33 41 0
33 42 0
33 363 0
33 364 0
33 143 0
33 144 0
33 427 0
33 428 0
33 145 0
33 146 0
33 429 0
33 430 0
33 371 0
33 372 0
33 373 0
33 374 0
33 431 0
33 432 0
33 433 0
33 434 0
33 435 0
33 436 0
33 437 0
33 438 0
34 149 0
34 150 0
34 43 0
34 44 0
34 365 0
34 366 0
34 155 0
34 156 0
34 439 0
34 440 0
34 157 0
34 158 0
34 441 0
34 442 0
34 375 0
34 376 0
34 377 0
34 378 0
34 443 0
34 444 0
34 445 0
34 446 0
34 447 0
34 448 0
34 449 0
34 450 0
35 41 0
35 43 0
35 161 0
35 162 0
35 367 0
35 368 0
35 167 0
35 168 0
35 371 0
35 372 0
35 169 0
35 170 0
35 375 0
35 376 0
35 451 0
35 452 0
35 453 0
35 454 0
35 455 0
35 456 0
35 457 0
35 458 0
35 459 0
35 460 0
35 461 0
35 462 0
36 42 0
36 44 0
36 173 0
36 174 0
36 369 0
36 370 0
36 179 0
36 180 0
36 373 0
36 374 0
36 181 0
36 182 0
36 377 0
36 378 0
36 463 0
36 464 0
36 465 0
36 466 0
36 467 0
36 468 0
36 469 0
36 470 0
36 471 0
36 472 0
36 473 0
36 474 0
37 139 0
37 141 0
37 163 0
37 164 0
37 353 0
37 354 0
37 279 0
37 280 0
37 383 0
37 384 0
37 281 0
37 282 0
37 387 0
37 388 0
37 407 0
37 408 0
37 409 0
37 410 0
37 475 0
37 476 0
37 477 0
37 478 0
37 479 0
37 480 0
37 481 0
37 482 0
38 140 0
38 142 0
38 175 0
38 176 0
38 355 0
38 356 0
38 287 0
38 288 0
38 385 0
38 386 0
38 289 0
38 290 0
38 389 0
38 390 0
38 419 0
38 420 0
38 421 0
38 422 0
38 483 0
38 484 0
38 485 0
38 486 0
38 487 0
38 488 0
38 489 0
38 490 0
39 151 0
39 153 0
39 165 0
39 166 0
39 357 0
39 358 0
39 295 0
39 296 0
39 395 0
39 396 0
39 297 0
39 298 0
39 399 0
39 400 0
39 411 0
39 412 0
39 413 0
39 414 0
39 491 0
39 492 0
39 493 0
39 494 0
39 495 0
39 496 0
39 497 0
39 498 0
40 152 0
40 154 0
40 177 0
40 178 0
40 359 0
40 360 0
40 303 0
40 304 0
40 397 0
40 398 0
40 305 0
40 306 0
40 401 0
40 402 0
40 423 0
40 424 0
40 425 0
40 426 0
40 499 0
40 500 0
40 501 0
40 502 0
40 503 0
40 504 0
40 505 0
40 506 0
41 143 0
41 145 0
41 167 0
41 168 0
41 371 0
41 372 0
41 283 0
41 284 0
41 431 0
41 432 0
41 285 0
41 286 0
41 435 0
41 436 0
41 455 0
41 456 0
41 457 0
41 458 0
41 507 0
41 508 0
41 509 0
41 510 0
41 511 0
41 512 0
41 513 0
41 514 0
42 144 0
42 146 0
42 179 0
42 180 0
42 373 0
42 374 0
42 291 0
42 292 0
42 433 0
42 434 0
42 293 0
42 294 0
42 437 0
42 438 0
42 467 0
42 468 0
42 469 0
42 470 0
42 515 0
42 516 0
42 517 0
42 518 0
42 519 0
42 520 0
42 521 0
42 522 0
43 155 0
43 157 0
43 169 0
43 170 0
43 375 0
43 376 0
43 299 0
43 300 0
43 443 0
43 444 0
43 301 0
43 302 0
43 447 0
43 448 0
43 459 0
43 460 0
43 461 0
43 462 0
43 523 0
43 524 0
43 525 0
43 526 0
43 527 0
43 528 0
43 529 0
43 530 0
44 156 0
44 158 0
44 181 0
44 182 0
44 377 0
44 378 0
44 307 0
44 308 0
44 445 0
44 446 0
44 309 0
44 310 0
44 449 0
44 450 0
44 471 0
44 472 0
44 473 0
44 474 0
44 531 0
44 532 0
44 533 0
44 534 0
44 535 0
44 536 0
44 537 0
44 538 0
45 47 0
45 48 0
45 49 0
45 50 0
45 539 0
45 540 0
45 55 0
45 56 0
45 541 0
45 542 0
45 57 0
45 58 0
45 543 0
45 544 0
45 545 0
45 546 0
45 547 0
45 548 0
45 549 0
45 550 0
45 551 0
45 552 0
45 553 0
45 554 0
45 555 0
45 556 0
46 51 0
46 52 0
46 53 0
46 54 0
46 557 0
46 558 0
46 59 0
46 60 0
46 559 0
46 560 0
46 61 0
46 62 0
46 561 0
46 562 0
46 563 0
46 564 0
46 565 0
46 566 0
46 567 0
46 568 0
46 569 0
46 570 0
46 571 0
46 572 0
46 573 0
46 574 0
47 183 0
47 184 0
47 55 0
47 56 0
47 541 0
47 542 0
47 187 0
47 188 0
47 575 0
47 576 0
47 189 0
47 190 0
47 577 0
47 578 0
47 549 0
47 550 0
47 551 0
47 552 0
47 579 0
47 580 0
47 581 0
47 582 0
47 583 0
47 584 0
47 585 0
47 586 0
48 195 0
48 196 0
48 57 0
48 58 0
48 543 0
48 544 0
48 199 0
48 200 0
48 587 0
48 588 0
48 201 0
48 202 0
48 589 0
48 590 0
48 553 0
48 554 0
48 555 0
48 556 0
48 591 0
48 592 0
48 593 0
48 594 0
48 595 0
48 596 0
48 597 0
48 598 0
49 55 0
49 57 0
49 207 0
49 208 0
49 545 0
49 546 0
49 211 0
49 212 0
49 549 0
49 550 0
49 213 0
49 214 0
49 553 0
49 554 0
49 599 0
49 600 0
49 601 0
49 602 0
49 603 0
49 604 0
49 605 0
49 606 0
49 607 0
49 608 0
49 609 0
49 610 0
50 56 0
50 58 0
50 219 0
50 220 0
50 547 0
50 548 0
50 223 0
50 224 0
50 551 0
50 552 0
50 225 0
50 226 0
50 555 0
50 556 0
50 611 0
50 612 0
50 613 0
50 614 0
50 615 0
50 616 0
50 617 0
50 618 0
50 619 0
50 620 0
50 621 0
50 622 0
51 185 0
51 186 0
51 59 0
51 60 0
51 559 0
51 560 0
51 191 0
51 192 0
51 623 0
51 624 0
51 193 0
51 194 0
51 625 0
51 626 0
51 567 0
51 568 0
51 569 0
51 570 0
51 627 0
51 628 0
51 629 0
51 630 0
51 631 0
51 632 0
51 633 0
51 634 0
52 197 0
52 198 0
52 61 0
52 62 0
52 561 0
52 562 0
52 203 0
52 204 0
52 635 0
52 636 0
52 205 0
52 206 0
52 637 0
52 638 0
52 571 0
52 572 0
52 573 0
52 574 0
52 639 0
52 640 0
52 641 0
52 642 0
52 643 0
52 644 0
52 645 0
52 646 0
53 59 0
53 61 0
53 209 0
53 210 0
53 563 0
53 564 0
53 215 0
53 216 0
53 567 0
53 568 0
53 217 0
53 218 0
53 571 0
53 572 0
53 647 0
53 648 0
53 649 0
53 650 0
53 651 0
53 652 0
53 653 0
53 654 0
53 655 0
53 656 0
53 657 0
53 658 0
54 60 0
54 62 0
54 221 0
54 222 0
54 565 0
54 566 0
54 227 0
54 228 0
54 569 0
54 570 0
54 229 0
54 230 0
54 573 0
54 574 0
54 659 0
54 660 0
54 661 0
54 662 0
54 663 0
54 664 0
54 665 0
54 666 0
54 667 0
54 668 0
54 669 0
54 670 0
55 187 0
55 189 0
55 211 0
55 212 0
55 549 0
55 550 0
55 311 0
55 312 0
55 579 0
55 580 0
55 313 0
55 314 0
55 583 0
55 584 0
55 603 0
55 604 0
55 605 0
55 606 0
55 671 0
55 672 0
55 673 0
55 674 0
55 675 0
55 676 0
55 677 0
55 678 0
56 188 0
56 190 0
56 223 0
56 224 0
56 551 0
56 552 0
56 319 0
56 320 0
56 581 0
56 582 0
56 321 0
56 322 0
56 585 0
56 586 0
56 615 0
56 616 0
56 617 0
56 618 0
56 679 0
56 680 0
56 681 0
56 682 0
56 683 0
56 684 0
56 685 0
56 686 0
57 199 0
57 201 0
57 213 0
57 214 0
57 553 0
57 554 0
57 327 0
57 328 0
57 591 0
57 592 0
57 329 0
57 330 0
57 595 0
57 596 0
57 607 0
57 608 0
57 609 0
57 610 0
57 687 0
57 688 0
57 689 0
57 690 0
57 691 0
57 692 0
57 693 0
57 694 0
58 200 0
58 202 0
58 225 0
58 226 0
58 555 0
58 556 0
58 335 0
58 336 0
58 593 0
58 594 0
58 337 0
58 338 0
58 597 0
58 598 0
58 619 0
58 620 0
58 621 0
58 622 0
58 695 0
58 696 0
58 697 0
58 698 0
58 699 0
58 700 0
58 701 0
58 702 0
59 191 0
59 193 0
59 215 0
59 216 0
59 567 0
59 568 0
59 315 0
59 316 0
59 627 0
59 628 0
59 317 0
59 318 0
59 631 0
59 632 0
59 651 0
59 652 0
59 653 0
59 654 0
59 703 0
59 704 0
59 705 0
59 706 0
59 707 0
59 708 0
59 709 0
59 710 0
60 192 0
60 194 0
60 227 0
60 228 0
60 569 0
60 570 0
60 323 0
60 324 0
60 629 0
60 630 0
60 325 0
60 326 0
60 633 0
60 634 0
60 663 0
60 664 0
60 665 0
60 666 0
60 711 0
60 712 0
60 713 0
60 714 0
60 715 0
60 716 0
60 717 0
60 718 0
61 203 0
61 205 0
61 217 0
61 218 0
61 571 0
61 572 0
61 331 0
61 332 0
61 639 0
61 640 0
61 333 0
61 334 0
61 643 0
61 644 0
61 655 0
61 656 0
61 657 0
61 658 0
61 719 0
61 720 0
61 721 0
61 722 0
61 723 0
61 724 0
61 725 0
61 726 0
62 204 0
62 206 0
62 229 0
62 230 0
62 573 0
62 574 0
62 339 0
62 340 0
62 641 0
62 642 0
62 341 0
62 342 0
62 645 0
62 646 0
62 667 0
62 668 0
62 669 0
62 670 0
62 727 0
62 728 0
62 729 0
62 730 0
62 731 0
62 732 0
62 733 0
62 734 0
63 65 1
63 67 2
63 69 0
63 70 0
63 73 1
63 74 1
63 77 2
63 78 2
64 66 1
64 68 2
64 71 0
64 72 0
64 75 1
64 76 1
64 79 2
64 80 2
65 135 3
65 137 4
65 73 0
65 74 0
65 139 3
65 140 3
65 143 4
65 144 4
66 136 3
66 138 4
66 75 0
66 76 0
66 141 3
66 142 3
66 145 4
66 146 4
67 183 3
67 185 4
67 77 0
67 78 0
67 187 3
67 188 3
67 191 4
67 192 4
68 184 3
68 186 4
68 79 0
68 80 0
68 189 3
68 190 3
68 193 4
68 194 4
69 73 1
69 77 2
69 231 0
69 232 0
69 235 1
69 236 1
69 239 2
69 240 2
70 74 1
70 78 2
70 243 0
70 244 0
70 247 1
70 248 1
70 251 2
70 252 2
71 75 1
71 79 2
71 233 0
71 234 0
71 237 1
71 238 1
71 241 2
71 242 2
72 76 1
72 80 2
72 245 0
72 246 0
72 249 1
72 250 1
72 253 2
72 254 2
73 139 3
73 143 4
73 235 0
73 236 0
73 279 3
73 280 3
73 283 4
73 284 4
74 140 3
74 144 4
74 247 0
74 248 0
74 287 3
74 288 3
74 291 4
74 292 4
75 141 3
75 145 4
75 237 0
75 238 0
75 281 3
75 282 3
75 285 4
75 286 4
76 142 3
76 146 4
76 249 0
76 250 0
76 289 3
76 290 3
76 293 4
76 294 4
77 187 3
77 191 4
77 239 0
77 240 0
77 311 3
77 312 3
77 315 4
77 316 4
78 188 3
78 192 4
78 251 0
78 252 0
78 319 3
78 320 3
78 323 4
78 324 4
79 189 3
79 193 4
79 241 0
79 242 0
79 313 3
79 314 3
79 317 4
79 318 4
80 190 3
80 194 4
80 253 0
80 254 0
80 321 3
80 322 3
80 325 4
80 326 4
81 83 1
81 85 2
81 87 0
81 88 0
81 91 1
81 92 1
81 95 2
81 96 2
82 84 1
82 86 2
82 89 0
82 90 0
82 93 1
82 94 1
82 97 2
82 98 2
83 147 3
83 149 4
83 91 0
83 92 0
83 151 3
83 152 3
83 155 4
83 156 4
84 148 3
84 150 4
84 93 0
84 94 0
84 153 3
84 154 3
84 157 4
84 158 4
85 195 3
85 197 4
85 95 0
85 96 0
85 199 3
85 200 3
85 203 4
85 204 4
86 196 3
86 198 4
86 97 0
86 98 0
86 201 3
86 202 3
86 205 4
86 206 4
87 91 1
87 95 2
87 255 0
87 256 0
87 259 1
87 260 1
87 263 2
87 264 2
88 92 1
88 96 2
88 267 0
88 268 0
88 271 1
88 272 1
88 275 2
88 276 2
89 93 1
89 97 2
89 257 0
89 258 0
89 261 1
89 262 1
89 265 2
89 266 2
90 94 1
90 98 2
90 269 0
90 270 0
90 273 1
90 274 1
90 277 2
90 278 2
91 151 3
91 155 4
91 259 0
91 260 0
91 295 3
91 296 3
91 299 4
91 300 4
92 152 3
92 156 4
92 271 0
92 272 0
92 303 3
92 304 3
92 307 4
92 308 4
93 153 3
93 157 4
93 261 0
93 262 0
93 297 3
93 298 3
93 301 4
93 302 4
94 154 3
94 158 4
94 273 0
94 274 0
94 305 3
94 306 3
94 309 4
94 310 4
95 199 3
95 203 4
95 263 0
95 264 0
95 327 3
95 328 3
95 331 4
95 332 4
96 200 3
96 204 4
96 275 0
96 276 0
96 335 3
96 336 3
96 339 4
96 340 4
97 201 3
97 205 4
97 265 0
97 266 0
97 329 3
97 330 3
97 333 4
97 334 4
98 202 3
98 206 4
98 277 0
98 278 0
98 337 3
98 338 3
98 341 4
98 342 4
99 101 1
99 103 2
99 105 0
99 107 0
99 109 1
99 111 1
99 113 2
99 115 2
100 102 1
100 104 2
100 106 0
100 108 0
100 110 1
100 112 1
100 114 2
100 116 2
101 159 3
101 161 4
101 109 0
101 111 0
101 163 3
101 165 3
101 167 4
101 169 4
102 160 3
102 162 4
102 110 0
102 112 0
102 164 3
102 166 3
102 168 4
102 170 4
103 207 3
103 209 4
103 113 0
103 115 0
103 211 3
103 213 3
103 215 4
103 217 4
104 208 3
104 210 4
104 114 0
104 116 0
104 212 3
104 214 3
104 216 4
104 218 4
105 109 1
105 113 2
105 231 0
105 233 0
105 235 1
105 237 1
105 239 2
105 241 2
106 110 1
106 114 2
106 232 0
106 234 0
106 236 1
106 238 1
106 240 2
106 242 2
107 111 1
107 115 2
107 255 0
107 257 0
107 259 1
107 261 1
107 263 2
107 265 2
108 112 1
108 116 2
108 256 0
108 258 0
108 260 1
108 262 1
108 264 2
108 266 2
109 163 3
109 167 4
109 235 0
109 237 0
109 279 3
109 281 3
109 283 4
109 285 4
110 164 3
110 168 4
110 236 0
110 238 0
110 280 3
110 282 3
110 284 4
110 286 4
111 165 3
111 169 4
111 259 0
111 261 0
111 295 3
111 297 3
111 299 4
111 301 4
112 166 3
112 170 4
112 260 0
112 262 0
112 296 3
112 298 3
112 300 4
112 302 4
113 211 3
113 215 4
113 239 0
113 241 0
113 311 3
113 313 3
113 315 4
113 317 4
114 212 3
114 216 4
114 240 0
114 242 0
114 312 3
114 314 3
114 316 4
114 318 4
115 213 3
115 217 4
115 263 0
115 265 0
115 327 3
115 329 3
115 331 4
115 333 4
116 214 3
116 218 4
116 264 0
116 266 0
116 328 3
116 330 3
116 332 4
116 334 4
117 119 1
117 121 2
117 123 0
117 125 0
117 127 1
117 129 1
117 131 2
117 133 2
118 120 1
118 122 2
118 124 0
118 126 0
118 128 1
118 130 1
118 132 2
118 134 2
119 171 3
119 173 4
119 127 0
119 129 0
119 175 3
119 177 3
119 179 4
119 181 4
120 172 3
120 174 4
120 128 0
120 130 0
120 176 3
120 178 3
120 180 4
120 182 4
121 219 3
121 221 4
121 131 0
121 133 0
121 223 3
121 225 3
121 227 4
121 229 4
122 220 3
122 222 4
122 132 0
122 134 0
122 224 3
122 226 3
122 228 4
122 230 4
123 127 1
123 131 2
123 243 0
123 245 0
123 247 1
123 249 1
123 251 2
123 253 2
124 128 1
124 132 2
124 244 0
124 246 0
124 248 1
124 250 1
124 252 2
124 254 2
125 129 1
125 133 2
125 267 0
125 269 0
125 271 1
125 273 1
125 275 2
125 277 2
126 130 1
126 134 2
126 268 0
126 270 0
126 272 1
126 274 1
126 276 2
126 278 2
127 175 3
127 179 4
127 247 0
127 249 0
127 287 3
127 289 3
127 291 4
127 293 4
128 176 3
128 180 4
128 248 0
128 250 0
128 288 3
128 290 3
128 292 4
128 294 4
129 177 3
129 181 4
129 271 0
129 273 0
129 303 3
129 305 3
129 307 4
129 309 4
130 178 3
130 182 4
130 272 0
130 274 0
130 304 3
130 306 3
130 308 4
130 310 4
131 223 3
131 227 4
131 251 0
131 253 0
131 319 3
131 321 3
131 323 4
131 325 4
132 224 3
132 228 4
132 252 0
132 254 0
132 320 3
132 322 3
132 324 4
132 326 4
133 225 3
133 229 4
133 275 0
133 277 0
133 335 3
133 337 3
133 339 4
133 341 4
134 226 3
134 230 4
134 276 0
134 278 0
134 336 3
134 338 3
134 340 4
134 342 4
135 139 0
135 140 0
135 379 0
135 380 0
135 383 0
135 384 0
135 385 0
135 386 0
136 141 0
136 142 0
136 381 0
136 382 0
136 387 0
136 388 0
136 389 0
136 390 0
137 143 0
137 144 0
137 427 0
137 428 0
137 431 0
137 432 0
137 433 0
137 434 0
138 145 0
138 146 0
138 429 0
138 430 0
138 435 0
138 436 0
138 437 0
138 438 0
139 279 0
139 280 0
139 383 0
139 384 0
139 475 0
139 476 0
139 477 0
139 478 0
140 287 0
140 288 0
140 385 0
140 386 0
140 483 0
140 484 0
140 485 0
140 486 0
141 281 0
141 282 0
141 387 0
141 388 0
141 479 0
141 480 0
141 481 0
141 482 0
142 289 0
142 290 0
142 389 0
142 390 0
142 487 0
142 488 0
142 489 0
142 490 0
143 283 0
143 284 0
143 431 0
143 432 0
143 507 0
143 508 0
143 509 0
143 510 0
144 291 0
144 292 0
144 433 0
144 434 0
144 515 0
144 516 0
144 517 0
144 518 0
145 285 0
145 286 0
145 435 0
145 436 0
145 511 0
145 512 0
145 513 0
145 514 0
146 293 0
146 294 0
146 437 0
146 438 0
146 519 0
146 520 0
146 521 0
146 522 0
147 151 0
147 152 0
147 391 0
147 392 0
147 395 0
147 396 0
147 397 0
147 398 0
148 153 0
148 154 0
148 393 0
148 394 0
148 399 0
148 400 0
148 401 0
148 402 0
149 155 0
149 156 0
149 439 0
149 440 0
149 443 0
149 444 0
149 445 0
149 446 0
150 157 0
150 158 0
150 441 0
150 442 0
150 447 0
150 448 0
150 449 0
150 450 0
151 295 0
151 296 0
151 395 0
151 396 0
151 491 0
151 492 0
151 493 0
151 494 0
152 303 0
152 304 0
152 397 0
152 398 0
152 499 0
152 500 0
152 501 0
152 502 0
153 297 0
153 298 0
153 399 0
153 400 0
153 495 0
153 496 0
153 497 0
153 498 0
154 305 0
154 306 0
154 401 0
154 402 0
154 503 0
154 504 0
154 505 0
154 506 0
155 299 0
155 300 0
155 443 0
155 444 0
155 523 0
155 524 0
155 525 0
155 526 0
156 307 0
156 308 0
156 445 0
156 446 0
156 531 0
156 532 0
156 533 0
156 534 0
157 301 0
157 302 0
157 447 0
157 448 0
157 527 0
157 528 0
157 529 0
157 530 0
158 309 0
158 310 0
158 449 0
158 450 0
158 535 0
158 536 0
158 537 0
158 538 0
159 163 0
159 165 0
159 403 0
159 404 0
159 407 0
159 408 0
159 411 0
159 412 0
160 164 0
160 166 0
160 405 0
160 406 0
160 409 0
160 410 0
160 413 0
160 414 0
161 167 0
161 169 0
161 451 0
161 452 0
161 455 0
161 456 0
161 459 0
161 460 0
162 168 0
162 170 0
162 453 0
162 454 0
162 457 0
162 458 0
162 461 0
162 462 0
163 279 0
163 281 0
163 407 0
163 408 0
163 475 0
163 476 0
163 479 0
163 480 0
164 280 0
164 282 0
164 409 0
164 410 0
164 477 0
164 478 0
164 481 0
164 482 0
165 295 0
165 297 0
165 411 0
165 412 0
165 491 0
165 492 0
165 495 0
165 496 0
166 296 0
166 298 0
166 413 0
166 414 0
166 493 0
166 494 0
166 497 0
166 498 0
167 283 0
167 285 0
167 455 0
167 456 0
167 507 0
167 508 0
167 511 0
167 512 0
168 284 0
168 286 0
168 457 0
168 458 0
168 509 0
168 510 0
168 513 0
168 514 0
169 299 0
169 301 0
169 459 0
169 460 0
169 523 0
169 524 0
169 527 0
169 528 0
170 300 0
170 302 0
170 461 0
170 462 0
170 525 0
170 526 0
170 529 0
170 530 0
171 175 0
171 177 0
171 415 0
171 416 0
171 419 0
171 420 0
171 423 0
171 424 0
172 176 0
172 178 0
172 417 0
172 418 0
172 421 0
172 422 0
172 425 0
172 426 0
173 179 0
173 181 0
173 463 0
173 464 0
173 467 0
173 468 0
173 471 0
173 472 0
174 180 0
174 182 0
174 465 0
174 466 0
174 469 0
174 470 0
174 473 0
174 474 0
175 287 0
175 289 0
175 419 0
175 420 0
175 483 0
175 484 0
175 487 0
175 488 0
176 288 0
176 290 0
176 421 0
176 422 0
176 485 0
176 486 0
176 489 0
176 490 0
177 303 0
177 305 0
177 423 0
177 424 0
177 499 0
177 500 0
177 503 0
177 504 0
178 304 0
178 306 0
178 425 0
178 426 0
178 501 0
178 502 0
178 505 0
178 506 0
179 291 0
179 293 0
179 467 0
179 468 0
179 515 0
179 516 0
179 519 0
179 520 0
180 292 0
180 294 0
180 469 0
180 470 0
180 517 0
180 518 0
180 521 0
180 522 0
181 307 0
181 309 0
181 471 0
181 472 0
181 531 0
181 532 0
181 535 0
181 536 0
182 308 0
182 310 0
182 473 0
182 474 0
182 533 0
182 534 0
182 537 0
182 538 0
183 187 0
183 188 0
183 575 0
183 576 0
183 579 0
183 580 0
183 581 0
183 582 0
184 189 0
184 190 0
184 577 0
184 578 0
184 583 0
184 584 0
184 585 0
184 586 0
185 191 0
185 192 0
185 623 0
185 624 0
185 627 0
185 628 0
185 629 0
185 630 0
186 193 0
186 194 0
186 625 0
186 626 0
186 631 0
186 632 0
186 633 0
186 634 0
187 311 0
187 312 0
187 579 0
187 580 0
187 671 0
187 672 0
187 673 0
187 674 0
188 319 0
188 320 0
188 581 0
188 582 0
188 679 0
188 680 0
188 681 0
188 682 0
189 313 0
189 314 0
189 583 0
189 584 0
189 675 0
189 676 0
189 677 0
189 678 0
190 321 0
190 322 0
190 585 0
190 586 0
190 683 0
190 684 0
190 685 0
190 686 0
191 315 0
191 316 0
191 627 0
191 628 0
191 703 0
191 704 0
191 705 0
191 706 0
192 323 0
192 324 0
192 629 0
192 630 0
192 711 0
192 712 0
192 713 0
192 714 0
193 317 0
193 318 0
193 631 0
193 632 0
193 707 0
193 708 0
193 709 0
193 710 0
194 325 0
194 326 0
194 633 0
194 634 0
194 715 0
194 716 0
194 717 0
194 718 0
195 199 0
195 200 0
195 587 0
195 588 0
195 591 0
195 592 0
195 593 0
195 594 0
196 201 0
196 202 0
196 589 0
196 590 0
196 595 0
196 596 0
196 597 0
196 598 0
197 203 0
197 204 0
197 635 0
197 636 0
197 639 0
197 640 0
197 641 0
197 642 0
198 205 0
198 206 0
198 637 0
198 638 0
198 643 0
198 644 0
198 645 0
198 646 0
199 327 0
199 328 0
199 591 0
199 592 0
199 687 0
199 688 0
199 689 0
199 690 0
200 335 0
200 336 0
200 593 0
200 594 0
200 695 0
200 696 0
200 697 0
200 698 0
201 329 0
201 330 0
201 595 0
201 596 0
201 691 0
201 692 0
201 693 0
201 694 0
202 337 0
202 338 0
202 597 0
202 598 0
202 699 0
202 700 0
202 701 0
202 702 0
203 331 0
203 332 0
203 639 0
203 640 0
203 719 0
203 720 0
203 721 0
203 722 0
204 339 0
204 340 0
204 641 0
204 642 0
204 727 0
204 728 0
204 729 0
204 730 0
205 333 0
205 334 0
205 643 0
205 644 0
205 723 0
205 724 0
205 725 0
205 726 0
206 341 0
206 342 0
206 645 0
206 646 0
206 731 0
206 732 0
206 733 0
206 734 0
207 211 0
207 213 0
207 599 0
207 600 0
207 603 0
207 604 0
207 607 0
207 608 0
208 212 0
208 214 0
208 601 0
208 602 0
208 605 0
208 606 0
208 609 0
208 610 0
209 215 0
209 217 0
209 647 0
209 648 0
209 651 0
209 652 0
209 655 0
209 656 0
210 216 0
210 218 0
210 649 0
210 650 0
210 653 0
210 654 0
210 657 0
210 658 0
211 311 0
211 313 0
211 603 0
211 604 0
211 671 0
211 672 0
211 675 0
211 676 0
212 312 0
212 314 0
212 605 0
212 606 0
212 673 0
212 674 0
212 677 0
212 678 0
213 327 0
213 329 0
213 607 0
213 608 0
213 687 0
213 688 0
213 691 0
213 692 0
214 328 0
214 330 0
214 609 0
214 610 0
214 689 0
214 690 0
214 693 0
214 694 0
215 315 0
215 317 0
215 651 0
215 652 0
215 703 0
215 704 0
215 707 0
215 708 0
216 316 0
216 318 0
216 653 0
216 654 0
216 705 0
216 706 0
216 709 0
216 710 0
217 331 0
217 333 0
217 655 0
217 656 0
217 719 0
217 720 0
217 723 0
217 724 0
218 332 0
218 334 0
218 657 0
218 658 0
218 721 0
218 722 0
218 725 0
218 726 0
219 223 0
219 225 0
219 611 0
219 612 0
219 615 0
219 616 0
219 619 0
219 620 0
220 224 0
220 226 0
220 613 0
220 614 0
220 617 0
220 618 0
220 621 0
220 622 0
221 227 0
221 229 0
221 659 0
221 660 0
221 663 0
221 664 0
221 667 0
221 668 0
222 228 0
222 230 0
222 661 0
222 662 0
222 665 0
222 666 0
222 669 0
222 670 0
223 319 0
223 321 0
223 615 0
223 616 0
223 679 0
223 680 0
223 683 0
223 684 0
224 320 0
224 322 0
224 617 0
224 618 0
224 681 0
224 682 0
224 685 0
224 686 0
225 335 0
225 337 0
225 619 0
225 620 0
225 695 0
225 696 0
225 699 0
225 700 0
226 336 0
226 338 0
226 621 0
226 622 0
226 697 0
226 698 0
226 701 0
226 702 0
227 323 0
227 325 0
227 663 0
227 664 0
227 711 0
227 712 0
227 715 0
227 716 0
228 324 0
228 326 0
228 665 0
228 666 0
228 713 0
228 714 0
228 717 0
228 718 0
229 339 0
229 341 0
229 667 0
229 668 0
229 727 0
229 728 0
229 731 0
229 732 0
230 340 0
230 342 0
230 669 0
230 670 0
230 729 0
230 730 0
230 733 0
230 734 0
231 235 1
231 239 2
232 236 1
232 240 2
233 237 1
233 241 2
234 238 1
234 242 2
235 279 3
235 283 4
236 280 3
236 284 4
237 281 3
237 285 4
238 282 3
238 286 4
239 311 3
239 315 4
240 312 3
240 316 4
241 313 3
241 317 4
242 314 3
242 318 4
243 247 1
243 251 2
244 248 1
244 252 2
245 249 1
245 253 2
246 250 1
246 254 2
247 287 3
247 291 4
248 288 3
248 292 4
249 289 3
249 293 4
250 290 3
250 294 4
251 319 3
251 323 4
252 320 3
252 324 4
253 321 3
253 325 4
254 322 3
254 326 4
255 259 1
255 263 2
256 260 1
256 264 2
257 261 1
257 265 2
258 262 1
258 266 2
259 295 3
259 299 4
260 296 3
260 300 4
261 297 3
261 301 4
262 298 3
262 302 4
263 327 3
263 331 4
264 328 3
264 332 4
265 329 3
265 333 4
266 330 3
266 334 4
267 271 1
267 275 2
268 272 1
268 276 2
269 273 1
269 277 2
270 274 1
270 278 2
271 303 3
271 307 4
272 304 3
272 308 4
273 305 3
273 309 4
274 306 3
274 310 4
275 335 3
275 339 4
276 336 3
276 340 4
277 337 3
277 341 4
278 338 3
278 342 4
279 475 0
279 476 0
280 477 0
280 478 0
281 479 0
281 480 0
282 481 0
282 482 0
283 507 0
283 508 0
284 509 0
284 510 0
285 511 0
285 512 0
286 513 0
286 514 0
287 483 0
287 484 0
288 485 0
288 486 0
289 487 0
289 488 0
290 489 0
290 490 0
291 515 0
291 516 0
292 517 0
292 518 0
293 519 0
293 520 0
294 521 0
294 522 0
295 491 0
295 492 0
296 493 0
296 494 0
297 495 0
297 496 0
298 497 0
298 498 0
299 523 0
299 524 0
300 525 0
300 526 0
301 527 0
301 528 0
302 529 0
302 530 0
303 499 0
303 500 0
304 501 0
304 502 0
305 503 0
305 504 0
306 505 0
306 506 0
307 531 0
307 532 0
308 533 0
308 534 0
309 535 0
309 536 0
310 537 0
310 538 0
311 671 0
311 672 0
312 673 0
312 674 0
313 675 0
313 676 0
314 677 0
314 678 0
315 703 0
315 704 0
316 705 0
316 706 0
317 707 0
317 708 0
318 709 0
318 710 0
319 679 0
319 680 0
320 681 0
320 682 0
321 683 0
321 684 0
322 685 0
322 686 0
323 711 0
323 712 0
324 713 0
324 714 0
325 715 0
325 716 0
326 717 0
326 718 0
327 687 0
327 688 0
328 689 0
328 690 0
329 691 0
329 692 0
330 693 0
330 694 0
331 719 0
331 720 0
332 721 0
332 722 0
333 723 0
333 724 0
334 725 0
334 726 0
335 695 0
335 696 0
336 697 0
336 698 0
337 699 0
337 700 0
338 701 0
338 702 0
339 727 0
339 728 0
340 729 0
340 730 0
341 731 0
341 732 0
342 733 0
342 734 0
343 735 5
343 345 0
343 347 0
343 349 0
343 351 0
343 736 5
343 737 5
343 738 5
343 739 5
343 353 0
343 355 0
343 357 0
343 359 0
343 740 5
343 741 5
343 742 5
343 743 5
344 744 6
344 346 0
344 348 0
344 350 0
344 352 0
344 745 6
344 746 6
344 747 6
344 748 6
344 354 0
344 356 0
344 358 0
344 360 0
344 749 6
344 750 6
344 751 6
344 752 6
345 736 5
345 379 0
345 381 0
345 353 0
345 355 0
345 753 5
345 754 5
345 740 5
345 741 5
345 383 0
345 385 0
345 387 0
345 389 0
345 755 5
345 756 5
345 757 5
345 758 5
346 745 6
346 380 0
346 382 0
346 354 0
346 356 0
346 759 6
346 760 6
346 749 6
346 750 6
346 384 0
346 386 0
346 388 0
346 390 0
346 761 6
346 762 6
346 763 6
346 764 6
347 737 5
347 391 0
347 393 0
347 357 0
347 359 0
347 765 5
347 766 5
347 742 5
347 743 5
347 395 0
347 397 0
347 399 0
347 401 0
347 767 5
347 768 5
347 769 5
347 770 5
348 746 6
348 392 0
348 394 0
348 358 0
348 360 0
348 771 6
348 772 6
348 751 6
348 752 6
348 396 0
348 398 0
348 400 0
348 402 0
348 773 6
348 774 6
348 775 6
348 776 6
349 738 5
349 353 0
349 357 0
349 403 0
349 405 0
349 740 5
349 742 5
349 777 5
349 778 5
349 407 0
349 409 0
349 411 0
349 413 0
349 779 5
349 780 5
349 781 5
349 782 5
350 747 6
350 354 0
350 358 0
350 404 0
350 406 0
350 749 6
350 751 6
350 783 6
350 784 6
350 408 0
350 410 0
350 412 0
350 414 0
350 785 6
350 786 6
350 787 6
350 788 6
351 739 5
351 355 0
351 359 0
351 415 0
351 417 0
351 741 5
351 743 5
351 789 5
351 790 5
351 419 0
351 421 0
351 423 0
351 425 0
351 791 5
351 792 5
351 793 5
351 794 5
352 748 6
352 356 0
352 360 0
352 416 0
352 418 0
352 750 6
352 752 6
352 795 6
352 796 6
352 420 0
352 422 0
352 424 0
352 426 0
352 797 6
352 798 6
352 799 6
352 800 6
353 740 5
353 383 0
353 387 0
353 407 0
353 409 0
353 755 5
353 757 5
353 779 5
353 780 5
353 475 0
353 477 0
353 479 0
353 481 0
353 801 5
353 802 5
353 803 5
353 804 5
354 749 6
354 384 0
354 388 0
354 408 0
354 410 0
354 761 6
354 763 6
354 785 6
354 786 6
354 476 0
354 478 0
354 480 0
354 482 0
354 805 6
354 806 6
354 807 6
354 808 6
355 741 5
355 385 0
355 389 0
355 419 0
355 421 0
355 756 5
355 758 5
355 791 5
355 792 5
355 483 0
355 485 0
355 487 0
355 489 0
355 809 5
355 810 5
355 811 5
355 812 5
356 750 6
356 386 0
356 390 0
356 420 0
356 422 0
356 762 6
356 764 6
356 797 6
356 798 6
356 484 0
356 486 0
356 488 0
356 490 0
356 813 6
356 814 6
356 815 6
356 816 6
357 742 5
357 395 0
357 399 0
357 411 0
357 413 0
357 767 5
357 769 5
357 781 5
357 782 5
357 491 0
357 493 0
357 495 0
357 497 0
357 817 5
357 818 5
357 819 5
357 820 5
358 751 6
358 396 0
358 400 0
358 412 0
358 414 0
358 773 6
358 775 6
358 787 6
358 788 6
358 492 0
358 494 0
358 496 0
358 498 0
358 821 6
358 822 6
358 823 6
358 824 6
359 743 5
359 397 0
359 401 0
359 423 0
359 425 0
359 768 5
359 770 5
359 793 5
359 794 5
359 499 0
359 501 0
359 503 0
359 505 0
359 825 5
359 826 5
359 827 5
359 828 5
360 752 6
360 398 0
360 402 0
360 424 0
360 426 0
360 774 6
360 776 6
360 799 6
360 800 6
360 500 0
360 502 0
360 504 0
360 506 0
360 829 6
360 830 6
360 831 6
360 832 6
361 833 5
361 363 0
361 365 0
361 367 0
361 369 0
361 834 5
361 835 5
361 836 5
361 837 5
361 371 0
361 373 0
361 375 0
361 377 0
361 838 5
361 839 5
361 840 5
361 841 5
362 842 6
362 364 0
362 366 0
362 368 0
362 370 0
362 843 6
362 844 6
362 845 6
362 846 6
362 372 0
362 374 0
362 376 0
362 378 0
362 847 6
362 848 6
362 849 6
362 850 6
363 834 5
363 427 0
363 429 0
363 371 0
363 373 0
363 851 5
363 852 5
363 838 5
363 839 5
363 431 0
363 433 0
363 435 0
363 437 0
363 853 5
363 854 5
363 855 5
363 856 5
364 843 6
364 428 0
364 430 0
364 372 0
364 374 0
364 857 6
364 858 6
364 847 6
364 848 6
364 432 0
364 434 0
364 436 0
364 438 0
364 859 6
364 860 6
364 861 6
364 862 6
365 835 5
365 439 0
365 441 0
365 375 0
365 377 0
365 863 5
365 864 5
365 840 5
365 841 5
365 443 0
365 445 0
365 447 0
365 449 0
365 865 5
365 866 5
365 867 5
365 868 5
366 844 6
366 440 0
366 442 0
366 376 0
366 378 0
366 869 6
366 870 6
366 849 6
366 850 6
366 444 0
366 446 0
366 448 0
366 450 0
366 871 6
366 872 6
366 873 6
366 874 6
367 836 5
367 371 0
367 375 0
367 451 0
367 453 0
367 838 5
367 840 5
367 875 5
367 876 5
367 455 0
367 457 0
367 459 0
367 461 0
367 877 5
367 878 5
367 879 5
367 880 5
368 845 6
368 372 0
368 376 0
368 452 0
368 454 0
368 847 6
368 849 6
368 881 6
368 882 6
368 456 0
368 458 0
368 460 0
368 462 0
368 883 6
368 884 6
368 885 6
368 886 6
369 837 5
369 373 0
369 377 0
369 463 0
369 465 0
369 839 5
369 841 5
369 887 5
369 888 5
369 467 0
369 469 0
369 471 0
369 473 0
369 889 5
369 890 5
369 891 5
369 892 5
370 846 6
370 374 0
370 378 0
370 464 0
370 466 0
370 848 6
370 850 6
370 893 6
370 894 6
370 468 0
370 470 0
370 472 0
370 474 0
370 895 6
370 896 6
370 897 6
370 898 6
371 838 5
371 431 0
371 435 0
371 455 0
371 457 0
371 853 5
371 855 5
371 877 5
371 878 5
371 507 0
371 509 0
371 511 0
371 513 0
371 899 5
371 900 5
371 901 5
371 902 5
372 847 6
372 432 0
372 436 0
372 456 0
372 458 0
372 859 6
372 861 6
372 883 6
372 884 6
372 508 0
372 510 0
372 512 0
372 514 0
372 903 6
372 904 6
372 905 6
372 906 6
373 839 5
373 433 0
373 437 0
373 467 0
373 469 0
373 854 5
373 856 5
373 889 5
373 890 5
373 515 0
373 517 0
373 519 0
373 521 0
373 907 5
373 908 5
373 909 5
373 910 5
374 848 6
374 434 0
374 438 0
374 468 0
374 470 0
374 860 6
374 862 6
374 895 6
374 896 6
374 516 0
374 518 0
374 520 0
374 522 0
374 911 6
374 912 6
374 913 6
374 914 6
375 840 5
375 443 0
375 447 0
375 459 0
375 461 0
375 865 5
375 867 5
375 879 5
375 880 5
375 523 0
375 525 0
375 527 0
375 529 0
375 915 5
375 916 5
375 917 5
375 918 5
376 849 6
376 444 0
376 448 0
376 460 0
376 462 0
376 871 6
376 873 6
376 885 6
376 886 6
376 524 0
376 526 0
376 528 0
376 530 0
376 919 6
376 920 6
376 921 6
376 922 6
377 841 5
377 445 0
377 449 0
377 471 0
377 473 0
377 866 5
377 868 5
377 891 5
377 892 5
377 531 0
377 533 0
377 535 0
377 537 0
377 923 5
377 924 5
377 925 5
377 926 5
378 850 6
378 446 0
378 450 0
378 472 0
378 474 0
378 872 6
378 874 6
378 897 6
378 898 6
378 532 0
378 534 0
378 536 0
378 538 0
378 927 6
378 928 6
378 929 6
378 930 6
379 753 5
379 383 0
379 385 0
379 755 5
379 756 5
380 759 6
380 384 0
380 386 0
380 761 6
380 762 6
381 754 5
381 387 0
381 389 0
381 757 5
381 758 5
382 760 6
382 388 0
382 390 0
382 763 6
382 764 6
383 755 5
383 475 0
383 477 0
383 801 5
383 802 5
384 761 6
384 476 0
384 478 0
384 805 6
384 806 6
385 756 5
385 483 0
385 485 0
385 809 5
385 810 5
386 762 6
386 484 0
386 486 0
386 813 6
386 814 6
387 757 5
387 479 0
387 481 0
387 803 5
387 804 5
388 763 6
388 480 0
388 482 0
388 807 6
388 808 6
389 758 5
389 487 0
389 489 0
389 811 5
389 812 5
390 764 6
390 488 0
390 490 0
390 815 6
390 816 6
391 765 5
391 395 0
391 397 0
391 767 5
391 768 5
392 771 6
392 396 0
392 398 0
392 773 6
392 774 6
393 766 5
393 399 0
393 401 0
393 769 5
393 770 5
394 772 6
394 400 0
394 402 0
394 775 6
394 776 6
395 767 5
395 491 0
395 493 0
395 817 5
395 818 5
396 773 6
396 492 0
396 494 0
396 821 6
396 822 6
397 768 5
397 499 0
397 501 0
397 825 5
397 826 5
398 774 6
398 500 0
398 502 0
398 829 6
398 830 6
399 769 5
399 495 0
399 497 0
399 819 5
399 820 5
400 775 6
400 496 0
400 498 0
400 823 6
400 824 6
401 770 5
401 503 0
401 505 0
401 827 5
401 828 5
402 776 6
402 504 0
402 506 0
402 831 6
402 832 6
403 777 5
403 407 0
403 411 0
403 779 5
403 781 5
404 783 6
404 408 0
404 412 0
404 785 6
404 787 6
405 778 5
405 409 0
405 413 0
405 780 5
405 782 5
406 784 6
406 410 0
406 414 0
406 786 6
406 788 6
407 779 5
407 475 0
407 479 0
407 801 5
407 803 5
408 785 6
408 476 0
408 480 0
408 805 6
408 807 6
409 780 5
409 477 0
409 481 0
409 802 5
409 804 5
410 786 6
410 478 0
410 482 0
410 806 6
410 808 6
411 781 5
411 491 0
411 495 0
411 817 5
411 819 5
412 787 6
412 492 0
412 496 0
412 821 6
412 823 6
413 782 5
413 493 0
413 497 0
413 818 5
413 820 5
414 788 6
414 494 0
414 498 0
414 822 6
414 824 6
415 789 5
415 419 0
415 423 0
415 791 5
415 793 5
416 795 6
416 420 0
416 424 0
416 797 6
416 799 6
417 790 5
417 421 0
417 425 0
417 792 5
417 794 5
418 796 6
418 422 0
418 426 0
418 798 6
418 800 6
419 791 5
419 483 0
419 487 0
419 809 5
419 811 5
420 797 6
420 484 0
420 488 0
420 813 6
420 815 6
421 792 5
421 485 0
421 489 0
421 810 5
421 812 5
422 798 6
422 486 0
422 490 0
422 814 6
422 816 6
423 793 5
423 499 0
423 503 0
423 825 5
423 827 5
424 799 6
424 500 0
424 504 0
424 829 6
424 831 6
425 794 5
425 501 0
425 505 0
425 826 5
425 828 5
426 800 6
426 502 0
426 506 0
426 830 6
426 832 6
427 851 5
427 431 0
427 433 0
427 853 5
427 854 5
428 857 6
428 432 0
428 434 0
428 859 6
428 860 6
429 852 5
429 435 0
429 437 0
429 855 5
429 856 5
430 858 6
430 436 0
430 438 0
430 861 6
430 862 6
431 853 5
431 507 0
431 509 0
431 899 5
431 900 5
432 859 6
432 508 0
432 510 0
432 903 6
432 904 6
433 854 5
433 515 0
433 517 0
433 907 5
433 908 5
434 860 6
434 516 0
434 518 0
434 911 6
434 912 6
435 855 5
435 511 0
435 513 0
435 901 5
435 902 5
436 861 6
436 512 0
436 514 0
436 905 6
436 906 6
437 856 5
437 519 0
437 521 0
437 909 5
437 910 5
438 862 6
438 520 0
438 522 0
438 913 6
438 914 6
439 863 5
439 443 0
439 445 0
439 865 5
439 866 5
440 869 6
440 444 0
440 446 0
440 871 6
440 872 6
441 864 5
441 447 0
441 449 0
441 867 5
441 868 5
442 870 6
442 448 0
442 450 0
442 873 6
442 874 6
443 865 5
443 523 0
443 525 0
443 915 5
443 916 5
444 871 6
444 524 0
444 526 0
444 919 6
444 920 6
445 866 5
445 531 0
445 533 0
445 923 5
445 924 5
446 872 6
446 532 0
446 534 0
446 927 6
446 928 6
447 867 5
447 527 0
447 529 0
447 917 5
447 918 5
448 873 6
448 528 0
448 530 0
448 921 6
448 922 6
449 868 5
449 535 0
449 537 0
449 925 5
449 926 5
450 874 6
450 536 0
450 538 0
450 929 6
450 930 6
451 875 5
451 455 0
451 459 0
451 877 5
451 879 5
452 881 6
452 456 0
452 460 0
452 883 6
452 885 6
453 876 5
453 457 0
453 461 0
453 878 5
453 880 5
454 882 6
454 458 0
454 462 0
454 884 6
454 886 6
455 877 5
455 507 0
455 511 0
455 899 5
455 901 5
456 883 6
456 508 0
456 512 0
456 903 6
456 905 6
457 878 5
457 509 0
457 513 0
457 900 5
457 902 5
458 884 6
458 510 0
458 514 0
458 904 6
458 906 6
459 879 5
459 523 0
459 527 0
459 915 5
459 917 5
460 885 6
460 524 0
460 528 0
460 919 6
460 921 6
461 880 5
461 525 0
461 529 0
461 916 5
461 918 5
462 886 6
462 526 0
462 530 0
462 920 6
462 922 6
463 887 5
463 467 0
463 471 0
463 889 5
463 891 5
464 893 6
464 468 0
464 472 0
464 895 6
464 897 6
465 888 5
465 469 0
465 473 0
465 890 5
465 892 5
466 894 6
466 470 0
466 474 0
466 896 6
466 898 6
467 889 5
467 515 0
467 519 0
467 907 5
467 909 5
468 895 6
468 516 0
468 520 0
468 911 6
468 913 6
469 890 5
469 517 0
469 521 0
469 908 5
469 910 5
470 896 6
470 518 0
470 522 0
470 912 6
470 914 6
471 891 5
471 531 0
471 535 0
471 923 5
471 925 5
472 897 6
472 532 0
472 536 0
472 927 6
472 929 6
473 892 5
473 533 0
473 537 0
473 924 5
473 926 5
474 898 6
474 534 0
474 538 0
474 928 6
474 930 6
475 801 5
476 805 6
477 802 5
478 806 6
479 803 5
480 807 6
481 804 5
482 808 6
483 809 5
484 813 6
485 810 5
486 814 6
487 811 5
488 815 6
489 812 5
490 816 6
491 817 5
492 821 6
493 818 5
494 822 6
495 819 5
496 823 6
497 820 5
498 824 6
499 825 5
500 829 6
501 826 5
502 830 6
503 827 5
504 831 6
505 828 5
506 832 6
507 899 5
508 903 6
509 900 5
510 904 6
511 901 5
512 905 6
513 902 5
514 906 6
515 907 5
516 911 6
517 908 5
518 912 6
519 909 5
520 913 6
521 910 5
522 914 6
523 915 5
524 919 6
525 916 5
526 920 6
527 917 5
528 921 6
529 918 5
530 922 6
531 923 5
532 927 6
533 924 5
534 928 6
535 925 5
536 929 6
537 926 5
538 930 6
539 931 5
539 541 0
539 543 0
539 545 0
539 547 0
539 932 5
539 933 5
539 934 5
539 935 5
539 549 0
539 551 0
539 553 0
539 555 0
539 936 5
539 937 5
539 938 5
539 939 5
540 940 6
540 542 0
540 544 0
540 546 0
540 548 0
540 941 6
540 942 6
540 943 6
540 944 6
540 550 0
540 552 0
540 554 0
540 556 0
540 945 6
540 946 6
540 947 6
540 948 6
541 932 5
541 575 0
541 577 0
541 549 0
541 551 0
541 949 5
541 950 5
541 936 5
541 937 5
541 579 0
541 581 0
541 583 0
541 585 0
541 951 5
541 952 5
541 953 5
541 954 5
542 941 6
542 576 0
542 578 0
542 550 0
542 552 0
542 955 6
542 956 6
542 945 6
542 946 6
542 580 0
542 582 0
542 584 0
542 586 0
542 957 6
542 958 6
542 959 6
542 960 6
543 933 5
543 587 0
543 589 0
543 553 0
543 555 0
543 961 5
543 962 5
543 938 5
543 939 5
543 591 0
543 593 0
543 595 0
543 597 0
543 963 5
543 964 5
543 965 5
543 966 5
544 942 6
544 588 0
544 590 0
544 554 0
544 556 0
544 967 6
544 968 6
544 947 6
544 948 6
544 592 0
544 594 0
544 596 0
544 598 0
544 969 6
544 970 6
544 971 6
544 972 6
545 934 5
545 549 0
545 553 0
545 599 0
545 601 0
545 936 5
545 938 5
545 973 5
545 974 5
545 603 0
545 605 0
545 607 0
545 609 0
545 975 5
545 976 5
545 977 5
545 978 5
546 943 6
546 550 0
546 554 0
546 600 0
546 602 0
546 945 6
546 947 6
546 979 6
546 980 6
546 604 0
546 606 0
546 608 0
546 610 0
546 981 6
546 982 6
546 983 6
546 984 6
547 935 5
547 551 0
547 555 0
547 611 0
547 613 0
547 937 5
547 939 5
547 985 5
547 986 5
547 615 0
547 617 0
547 619 0
547 621 0
547 987 5
547 988 5
547 989 5
547 990 5
548 944 6
548 552 0
548 556 0
548 612 0
548 614 0
548 946 6
548 948 6
548 991 6
548 992 6
548 616 0
548 618 0
548 620 0
548 622 0
548 993 6
548 994 6
548 995 6
548 996 6
549 936 5
549 579 0
549 583 0
549 603 0
549 605 0
549 951 5
549 953 5
549 975 5
549 976 5
549 671 0
549 673 0
549 675 0
549 677 0
549 997 5
549 998 5
549 999 5
549 1000 5
550 945 6
550 580 0
550 584 0
550 604 0
550 606 0
550 957 6
550 959 6
550 981 6
550 982 6
550 672 0
550 674 0
550 676 0
550 678 0
550 1001 6
550 1002 6
550 1003 6
550 1004 6
551 937 5
551 581 0
551 585 0
551 615 0
551 617 0
551 952 5
551 954 5
551 987 5
551 988 5
551 679 0
551 681 0
551 683 0
551 685 0
551 1005 5
551 1006 5
551 1007 5
551 1008 5
552 946 6
552 582 0
552 586 0
552 616 0
552 618 0
552 958 6
552 960 6
552 993 6
552 994 6
552 680 0
552 682 0
552 684 0
552 686 0
552 1009 6
552 1010 6
552 1011 6
552 1012 6
553 938 5
553 591 0
553 595 0
553 607 0
553 609 0
553 963 5
553 965 5
553 977 5
553 978 5
553 687 0
553 689 0
553 691 0
553 693 0
553 1013 5
553 1014 5
553 1015 5
553 1016 5
554 947 6
554 592 0
554 596 0
554 608 0
554 610 0
554 969 6
554 971 6
554 983 6
554 984 6
554 688 0
554 690 0
554 692 0
554 694 0
554 1017 6
554 1018 6
554 1019 6
554 1020 6
555 939 5
555 593 0
555 597 0
555 619 0
555 621 0
555 964 5
555 966 5
555 989 5
555 990 5
555 695 0
555 697 0
555 699 0
555 701 0
555 1021 5
555 1022 5
555 1023 5
555 1024 5
556 948 6
556 594 0
556 598 0
556 620 0
556 622 0
556 970 6
556 972 6
556 995 6
556 996 6
556 696 0
556 698 0
556 700 0
556 702 0
556 1025 6
556 1026 6
556 1027 6
556 1028 6
557 1029 5
557 559 0
557 561 0
557 563 0
557 565 0
557 1030 5
557 1031 5
557 1032 5
557 1033 5
557 567 0
557 569 0
557 571 0
557 573 0
557 1034 5
557 1035 5
557 1036 5
557 1037 5
558 1038 6
558 560 0
558 562 0
558 564 0
558 566 0
558 1039 6
558 1040 6
558 1041 6
558 1042 6
558 568 0
558 570 0
558 572 0
558 574 0
558 1043 6
558 1044 6
558 1045 6
558 1046 6
559 1030 5
559 623 0
559 625 0
559 567 0
559 569 0
559 1047 5
559 1048 5
559 1034 5
559 1035 5
559 627 0
559 629 0
559 631 0
559 633 0
559 1049 5
559 1050 5
559 1051 5
559 1052 5
560 1039 6
560 624 0
560 626 0
560 568 0
560 570 0
560 1053 6
560 1054 6
560 1043 6
560 1044 6
560 628 0
560 630 0
560 632 0
560 634 0
560 1055 6
560 1056 6
560 1057 6
560 1058 6
561 1031 5
561 635 0
561 637 0
561 571 0
561 573 0
561 1059 5
561 1060 5
561 1036 5
561 1037 5
561 639 0
561 641 0
561 643 0
561 645 0
561 1061 5
561 1062 5
561 1063 5
561 1064 5
562 1040 6
562 636 0
562 638 0
562 572 0
562 574 0
562 1065 6
562 1066 6
562 1045 6
562 1046 6
562 640 0
562 642 0
562 644 0
562 646 0
562 1067 6
562 1068 6
562 1069 6
562 1070 6
563 1032 5
563 567 0
563 571 0
563 647 0
563 649 0
563 1034 5
563 1036 5
563 1071 5
563 1072 5
563 651 0
563 653 0
563 655 0
563 657 0
563 1073 5
563 1074 5
563 1075 5
563 1076 5
564 1041 6
564 568 0
564 572 0
564 648 0
564 650 0
564 1043 6
564 1045 6
564 1077 6
564 1078 6
564 652 0
564 654 0
564 656 0
564 658 0
564 1079 6
564 1080 6
564 1081 6
564 1082 6
565 1033 5
565 569 0
565 573 0
565 659 0
565 661 0
565 1035 5
565 1037 5
565 1083 5
565 1084 5
565 663 0
565 665 0
565 667 0
565 669 0
565 1085 5
565 1086 5
565 1087 5
565 1088 5
566 1042 6
566 570 0
566 574 0
566 660 0
566 662 0
566 1044 6
566 1046 6
566 1089 6
566 1090 6
566 664 0
566 666 0
566 668 0
566 670 0
566 1091 6
566 1092 6
566 1093 6
566 1094 6
567 1034 5
567 627 0
567 631 0
567 651 0
567 653 0
567 1049 5
567 1051 5
567 1073 5
567 1074 5
567 703 0
567 705 0
567 707 0
567 709 0
567 1095 5
567 1096 5
567 1097 5
567 1098 5
568 1043 6
568 628 0
568 632 0
568 652 0
568 654 0
568 1055 6
568 1057 6
568 1079 6
568 1080 6
568 704 0
568 706 0
568 708 0
568 710 0
568 1099 6
568 1100 6
568 1101 6
568 1102 6
569 1035 5
569 629 0
569 633 0
569 663 0
569 665 0
569 1050 5
569 1052 5
569 1085 5
569 1086 5
569 711 0
569 713 0
569 715 0
569 717 0
569 1103 5
569 1104 5
569 1105 5
569 1106 5
570 1044 6
570 630 0
570 634 0
570 664 0
570 666 0
570 1056 6
570 1058 6
570 1091 6
570 1092 6
570 712 0
570 714 0
570 716 0
570 718 0
570 1107 6
570 1108 6
570 1109 6
570 1110 6
571 1036 5
571 639 0
571 643 0
571 655 0
571 657 0
571 1061 5
571 1063 5
571 1075 5
571 1076 5
571 719 0
571 721 0
571 723 0
571 725 0
571 1111 5
571 1112 5
571 1113 5
571 1114 5
572 1045 6
572 640 0
572 644 0
572 656 0
572 658 0
572 1067 6
572 1069 6
572 1081 6
572 1082 6
572 720 0
572 722 0
572 724 0
572 726 0
572 1115 6
572 1116 6
572 1117 6
572 1118 6
573 1037 5
573 641 0
573 645 0
573 667 0
573 669 0
573 1062 5
573 1064 5
573 1087 5
573 1088 5
573 727 0
573 729 0
573 731 0
573 733 0
573 1119 5
573 1120 5
573 1121 5
573 1122 5
574 1046 6
574 642 0
574 646 0
574 668 0
574 670 0
574 1068 6
574 1070 6
574 1093 6
574 1094 6
574 728 0
574 730 0
574 732 0
574 734 0
574 1123 6
574 1124 6
574 1125 6
574 1126 6
575 949 5
575 579 0
575 581 0
575 951 5
575 952 5
576 955 6
576 580 0
576 582 0
576 957 6
576 958 6
577 950 5
577 583 0
577 585 0
577 953 5
577 954 5
578 956 6
578 584 0
578 586 0
578 959 6
578 960 6
579 951 5
579 671 0
579 673 0
579 997 5
579 998 5
580 957 6
580 672 0
580 674 0
580 1001 6
580 1002 6
581 952 5
581 679 0
581 681 0
581 1005 5
581 1006 5
582 958 6
582 680 0
582 682 0
582 1009 6
582 1010 6
583 953 5
583 675 0
583 677 0
583 999 5
583 1000 5
584 959 6
584 676 0
584 678 0
584 1003 6
584 1004 6
585 954 5
585 683 0
585 685 0
585 1007 5
585 1008 5
586 960 6
586 684 0
586 686 0
586 1011 6
586 1012 6
587 961 5
587 591 0
587 593 0
587 963 5
587 964 5
588 967 6
588 592 0
588 594 0
588 969 6
588 970 6
589 962 5
589 595 0
589 597 0
589 965 5
589 966 5
590 968 6
590 596 0
590 598 0
590 971 6
590 972 6
591 963 5
591 687 0
591 689 0
591 1013 5
591 1014 5
592 969 6
592 688 0
592 690 0
592 1017 6
592 1018 6
593 964 5
593 695 0
593 697 0
593 1021 5
593 1022 5
594 970 6
594 696 0
594 698 0
594 1025 6
594 1026 6
595 965 5
595 691 0
595 693 0
595 1015 5
595 1016 5
596 971 6
596 692 0
596 694 0
596 1019 6
596 1020 6
597 966 5
597 699 0
597 701 0
597 1023 5
597 1024 5
598 972 6
598 700 0
598 702 0
598 1027 6
598 1028 6
599 973 5
599 603 0
599 607 0
599 975 5
599 977 5
600 979 6
600 604 0
600 608 0
600 981 6
600 983 6
601 974 5
601 605 0
601 609 0
601 976 5
601 978 5
602 980 6
602 606 0
602 610 0
602 982 6
602 984 6
603 975 5
603 671 0
603 675 0
603 997 5
603 999 5
604 981 6
604 672 0
604 676 0
604 1001 6
604 1003 6
605 976 5
605 673 0
605 677 0
605 998 5
605 1000 5
606 982 6
606 674 0
606 678 0
606 1002 6
606 1004 6
607 977 5
607 687 0
607 691 0
607 1013 5
607 1015 5
608 983 6
608 688 0
608 692 0
608 1017 6
608 1019 6
609 978 5
609 689 0
609 693 0
609 1014 5
609 1016 5
610 984 6
610 690 0
610 694 0
610 1018 6
610 1020 6
611 985 5
611 615 0
611 619 0
611 987 5
611 989 5
612 991 6
612 616 0
612 620 0
612 993 6
612 995 6
613 986 5
613 617 0
613 621 0
613 988 5
613 990 5
614 992 6
614 618 0
614 622 0
614 994 6
614 996 6
615 987 5
615 679 0
615 683 0
615 1005 5
615 1007 5
616 993 6
616 680 0
616 684 0
616 1009 6
616 1011 6
617 988 5
617 681 0
617 685 0
617 1006 5
617 1008 5
618 994 6
618 682 0
618 686 0
618 1010 6
618 1012 6
619 989 5
619 695 0
619 699 0
619 1021 5
619 1023 5
620 995 6
620 696 0
620 700 0
620 1025 6
620 1027 6
621 990 5
621 697 0
621 701 0
621 1022 5
621 1024 5
622 996 6
622 698 0
622 702 0
622 1026 6
622 1028 6
623 1047 5
623 627 0
623 629 0
623 1049 5
623 1050 5
624 1053 6
624 628 0
624 630 0
624 1055 6
624 1056 6
625 1048 5
625 631 0
625 633 0
625 1051 5
625 1052 5
626 1054 6
626 632 0
626 634 0
626 1057 6
626 1058 6
627 1049 5
627 703 0
627 705 0
627 1095 5
627 1096 5
628 1055 6
628 704 0
628 706 0
628 1099 6
628 1100 6
629 1050 5
629 711 0
629 713 0
629 1103 5
629 1104 5
630 1056 6
630 712 0
630 714 0
630 1107 6
630 1108 6
631 1051 5
631 707 0
631 709 0
631 1097 5
631 1098 5
632 1057 6
632 708 0
632 710 0
632 1101 6
632 1102 6
633 1052 5
633 715 0
633 717 0
633 1105 5
633 1106 5
634 1058 6
634 716 0
634 718 0
634 1109 6
634 1110 6
635 1059 5
635 639 0
635 641 0
635 1061 5
635 1062 5
636 1065 6
636 640 0
636 642 0
636 1067 6
636 1068 6
637 1060 5
637 643 0
637 645 0
637 1063 5
637 1064 5
638 1066 6
638 644 0
638 646 0
638 1069 6
638 1070 6
639 1061 5
639 719 0
639 721 0
639 1111 5
639 1112 5
640 1067 6
640 720 0
640 722 0
640 1115 6
640 1116 6
641 1062 5
641 727 0
641 729 0
641 1119 5
641 1120 5
642 1068 6
642 728 0
642 730 0
642 1123 6
642 1124 6
643 1063 5
643 723 0
643 725 0
643 1113 5
643 1114 5
644 1069 6
644 724 0
644 726 0
644 1117 6
644 1118 6
645 1064 5
645 731 0
645 733 0
645 1121 5
645 1122 5
646 1070 6
646 732 0
646 734 0
646 1125 6
646 1126 6
647 1071 5
647 651 0
647 655 0
647 1073 5
647 1075 5
648 1077 6
648 652 0
648 656 0
648 1079 6
648 1081 6
649 1072 5
649 653 0
649 657 0
649 1074 5
649 1076 5
650 1078 6
650 654 0
650 658 0
650 1080 6
650 1082 6
651 1073 5
651 703 0
651 707 0
651 1095 5
651 1097 5
652 1079 6
652 704 0
652 708 0
652 1099 6
652 1101 6
653 1074 5
653 705 0
653 709 0
653 1096 5
653 1098 5
654 1080 6
654 706 0
654 710 0
654 1100 6
654 1102 6
655 1075 5
655 719 0
655 723 0
655 1111 5
655 1113 5
656 1081 6
656 720 0
656 724 0
656 1115 6
656 1117 6
657 1076 5
657 721 0
657 725 0
657 1112 5
657 1114 5
658 1082 6
658 722 0
658 726 0
658 1116 6
658 1118 6
659 1083 5
659 663 0
659 667 0
659 1085 5
659 1087 5
660 1089 6
660 664 0
660 668 0
660 1091 6
660 1093 6
661 1084 5
661 665 0
661 669 0
661 1086 5
661 1088 5
662 1090 6
662 666 0
662 670 0
662 1092 6
662 1094 6
663 1085 5
663 711 0
663 715 0
663 1103 5
663 1105 5
664 1091 6
664 712 0
664 716 0
664 1107 6
664 1109 6
665 1086 5
665 713 0
665 717 0
665 1104 5
665 1106 5
666 1092 6
666 714 0
666 718 0
666 1108 6
666 1110 6
667 1087 5
667 727 0
667 731 0
667 1119 5
667 1121 5
668 1093 6
668 728 0
668 732 0
668 1123 6
668 1125 6
669 1088 5
669 729 0
669 733 0
669 1120 5
669 1122 5
670 1094 6
670 730 0
670 734 0
670 1124 6
670 1126 6
671 997 5
672 1001 6
673 998 5
674 1002 6
675 999 5
676 1003 6
677 1000 5
678 1004 6
679 1005 5
680 1009 6
681 1006 5
682 1010 6
683 1007 5
684 1011 6
685 1008 5
686 1012 6
687 1013 5
688 1017 6
689 1014 5
690 1018 6
691 1015 5
692 1019 6
693 1016 5
694 1020 6
695 1021 5
696 1025 6
697 1022 5
698 1026 6
699 1023 5
700 1027 6
701 1024 5
702 1028 6
703 1095 5
704 1099 6
705 1096 5
706 1100 6
707 1097 5
708 1101 6
709 1098 5
710 1102 6
711 1103 5
712 1107 6
713 1104 5
714 1108 6
715 1105 5
716 1109 6
717 1106 5
718 1110 6
719 1111 5
720 1115 6
721 1112 5
722 1116 6
723 1113 5
724 1117 6
725 1114 5
726 1118 6
727 1119 5
728 1123 6
729 1120 5
730 1124 6
731 1121 5
732 1125 6
733 1122 5
734 1126 6
735 735 7
735 736 0
735 737 0
735 738 0
735 739 0
735 736 7
735 737 7
735 738 7
735 739 7
735 740 0
735 741 0
735 742 0
735 743 0
735 740 7
735 741 7
735 742 7
735 743 7
736 736 7
736 753 0
736 754 0
736 740 0
736 741 0
736 753 7
736 754 7
736 740 7
736 741 7
736 755 0
736 756 0
736 757 0
736 758 0
736 755 7
736 756 7
736 757 7
736 758 7
737 737 7
737 765 0
737 766 0
737 742 0
737 743 0
737 765 7
737 766 7
737 742 7
737 743 7
737 767 0
737 768 0
737 769 0
737 770 0
737 767 7
737 768 7
737 769 7
737 770 7
738 738 7
738 740 0
738 742 0
738 777 0
738 778 0
738 740 7
738 742 7
738 777 7
738 778 7
738 779 0
738 780 0
738 781 0
738 782 0
738 779 7
738 780 7
738 781 7
738 782 7
739 739 7
739 741 0
739 743 0
739 789 0
739 790 0
739 741 7
739 743 7
739 789 7
739 790 7
739 791 0
739 792 0
739 793 0
739 794 0
739 791 7
739 792 7
739 793 7
739 794 7
740 740 7
740 755 0
740 757 0
740 779 0
740 780 0
740 755 7
740 757 7
740 779 7
740 780 7
740 801 0
740 802 0
740 803 0
740 804 0
740 801 7
740 802 7
740 803 7
740 804 7
741 741 7
741 756 0
741 758 0
741 791 0
741 792 0
741 756 7
741 758 7
741 791 7
741 792 7
741 809 0
741 810 0
741 811 0
741 812 0
741 809 7
741 810 7
741 811 7
741 812 7
742 742 7
742 767 0
742 769 0
742 781 0
742 782 0
742 767 7
742 769 7
742 781 7
742 782 7
742 817 0
742 818 0
742 819 0
742 820 0
742 817 7
742 818 7
742 819 7
742 820 7
743 743 7
743 768 0
743 770 0
743 793 0
743 794 0
743 768 7
743 770 7
743 793 7
743 794 7
743 825 0
743 826 0
743 827 0
743 828 0
743 825 7
743 826 7
743 827 7
743 828 7
744 744 7
744 745 0
744 746 0
744 747 0
744 748 0
744 745 7
744 746 7
744 747 7
744 748 7
744 749 0
744 750 0
744 751 0
744 752 0
744 749 7
744 750 7
744 751 7
744 752 7
745 745 7
745 759 0
745 760 0
745 749 0
745 750 0
745 759 7
745 760 7
745 749 7
745 750 7
745 761 0
745 762 0
745 763 0
745 764 0
745 761 7
745 762 7
745 763 7
745 764 7
746 746 7
746 771 0
746 772 0
746 751 0
746 752 0
746 771 7
746 772 7
746 751 7
746 752 7
746 773 0
746 774 0
746 775 0
746 776 0
746 773 7
746 774 7
746 775 7
746 776 7
747 747 7
747 749 0
747 751 0
747 783 0
747 784 0
747 749 7
747 751 7
747 783 7
747 784 7
747 785 0
747 786 0
747 787 0
747 788 0
747 785 7
747 786 7
747 787 7
747 788 7
748 748 7
748 750 0
748 752 0
748 795 0
748 796 0
748 750 7
748 752 7
748 795 7
748 796 7
748 797 0
748 798 0
748 799 0
748 800 0
748 797 7
748 798 7
748 799 7
748 800 7
749 749 7
749 761 0
749 763 0
749 785 0
749 786 0
749 761 7
749 763 7
749 785 7
749 786 7
749 805 0
749 806 0
749 807 0
749 808 0
749 805 7
749 806 7
749 807 7
749 808 7
750 750 7
750 762 0
750 764 0
750 797 0
750 798 0
750 762 7
750 764 7
750 797 7
750 798 7
750 813 0
750 814 0
750 815 0
750 816 0
750 813 7
750 814 7
750 815 7
750 816 7
751 751 7
751 773 0
751 775 0
751 787 0
751 788 0
751 773 7
751 775 7
751 787 7
751 788 7
751 821 0
751 822 0
751 823 0
751 824 0
751 821 7
751 822 7
751 823 7
751 824 7
752 752 7
752 774 0
752 776 0
752 799 0
752 800 0
752 774 7
752 776 7
752 799 7
752 800 7
752 829 0
752 830 0
752 831 0
752 832 0
752 829 7
752 830 7
752 831 7
752 832 7
753 753 7
753 755 0
753 756 0
753 755 7
753 756 7
754 754 7
754 757 0
754 758 0
754 757 7
754 758 7
755 755 7
755 801 0
755 802 0
755 801 7
755 802 7
756 756 7
756 809 0
756 810 0
756 809 7
756 810 7
757 757 7
757 803 0
757 804 0
757 803 7
757 804 7
758 758 7
758 811 0
758 812 0
758 811 7
758 812 7
759 759 7
759 761 0
759 762 0
759 761 7
759 762 7
760 760 7
760 763 0
760 764 0
760 763 7
760 764 7
761 761 7
761 805 0
761 806 0
761 805 7
761 806 7
762 762 7
762 813 0
762 814 0
762 813 7
762 814 7
763 763 7
763 807 0
763 808 0
763 807 7
763 808 7
764 764 7
764 815 0
764 816 0
764 815 7
764 816 7
765 765 7
765 767 0
765 768 0
765 767 7
765 768 7
766 766 7
766 769 0
766 770 0
766 769 7
766 770 7
767 767 7
767 817 0
767 818 0
767 817 7
767 818 7
768 768 7
768 825 0
768 826 0
768 825 7
768 826 7
769 769 7
769 819 0
769 820 0
769 819 7
769 820 7
770 770 7
770 827 0
770 828 0
770 827 7
770 828 7
771 771 7
771 773 0
771 774 0
771 773 7
771 774 7
772 772 7
772 775 0
772 776 0
772 775 7
772 776 7
773 773 7
773 821 0
773 822 0
773 821 7
773 822 7
774 774 7
774 829 0
774 830 0
774 829 7
774 830 7
775 775 7
775 823 0
775 824 0
775 823 7
775 824 7
776 776 7
776 831 0
776 832 0
776 831 7
776 832 7
777 777 7
777 779 0
777 781 0
777 779 7
777 781 7
778 778 7
778 780 0
778 782 0
778 780 7
778 782 7
779 779 7
779 801 0
779 803 0
779 801 7
779 803 7
780 780 7
780 802 0
780 804 0
780 802 7
780 804 7
781 781 7
781 817 0
781 819 0
781 817 7
781 819 7
782 782 7
782 818 0
782 820 0
782 818 7
782 820 7
783 783 7
783 785 0
783 787 0
783 785 7
783 787 7
784 784 7
784 786 0
784 788 0
784 786 7
784 788 7
785 785 7
785 805 0
785 807 0
785 805 7
785 807 7
786 786 7
786 806 0
786 808 0
786 806 7
786 808 7
787 787 7
787 821 0
787 823 0
787 821 7
787 823 7
788 788 7
788 822 0
788 824 0
788 822 7
788 824 7
789 789 7
789 791 0
789 793 0
789 791 7
789 793 7
790 790 7
790 792 0
790 794 0
790 792 7
790 794 7
791 791 7
791 809 0
791 811 0
791 809 7
791 811 7
792 792 7
792 810 0
792 812 0
792 810 7
792 812 7
793 793 7
793 825 0
793 827 0
793 825 7
793 827 7
794 794 7
794 826 0
794 828 0
794 826 7
794 828 7
795 795 7
795 797 0
795 799 0
795 797 7
795 799 7
796 796 7
796 798 0
796 800 0
796 798 7
796 800 7
797 797 7
797 813 0
797 815 0
797 813 7
797 815 7
798 798 7
798 814 0
798 816 0
798 814 7
798 816 7
799 799 7
799 829 0
799 831 0
799 829 7
799 831 7
800 800 7
800 830 0
800 832 0
800 830 7
800 832 7
801 801 7
802 802 7
803 803 7
804 804 7
805 805 7
806 806 7
807 807 7
808 808 7
809 809 7
810 810 7
811 811 7
812 812 7
813 813 7
814 814 7
815 815 7
816 816 7
817 817 7
818 818 7
819 819 7
820 820 7
821 821 7
822 822 7
823 823 7
824 824 7
825 825 7
826 826 7
827 827 7
828 828 7
829 829 7
830 830 7
831 831 7
832 832 7
833 833 7
833 834 0
833 835 0
833 836 0
833 837 0
833 834 7
833 835 7
833 836 7
833 837 7
833 838 0
833 839 0
833 840 0
833 841 0
833 838 7
833 839 7
833 840 7
833 841 7
834 834 7
834 851 0
834 852 0
834 838 0
834 839 0
834 851 7
834 852 7
834 838 7
834 839 7
834 853 0
834 854 0
834 855 0
834 856 0
834 853 7
834 854 7
834 855 7
834 856 7
835 835 7
835 863 0
835 864 0
835 840 0
835 841 0
835 863 7
835 864 7
835 840 7
835 841 7
835 865 0
835 866 0
835 867 0
835 868 0
835 865 7
835 866 7
835 867 7
835 868 7
836 836 7
836 838 0
836 840 0
836 875 0
836 876 0
836 838 7
836 840 7
836 875 7
836 876 7
836 877 0
836 878 0
836 879 0
836 880 0
836 877 7
836 878 7
836 879 7
836 880 7
837 837 7
837 839 0
837 841 0
837 887 0
837 888 0
837 839 7
837 841 7
837 887 7
837 888 7
837 889 0
837 890 0
837 891 0
837 892 0
837 889 7
837 890 7
837 891 7
837 892 7
838 838 7
838 853 0
838 855 0
838 877 0
838 878 0
838 853 7
838 855 7
838 877 7
838 878 7
838 899 0
838 900 0
838 901 0
838 902 0
838 899 7
838 900 7
838 901 7
838 902 7
839 839 7
839 854 0
839 856 0
839 889 0
839 890 0
839 854 7
839 856 7
839 889 7
839 890 7
839 907 0
839 908 0
839 909 0
839 910 0
839 907 7
839 908 7
839 909 7
839 910 7
840 840 7
840 865 0
840 867 0
840 879 0
840 880 0
840 865 7
840 867 7
840 879 7
840 880 7
840 915 0
840 916 0
840 917 0
840 918 0
840 915 7
840 916 7
840 917 7
840 918 7
841 841 7
841 866 0
841 868 0
841 891 0
841 892 0
841 866 7
841 868 7
841 891 7
841 892 7
841 923 0
841 924 0
841 925 0
841 926 0
841 923 7
841 924 7
841 925 7
841 926 7
842 842 7
842 843 0
842 844 0
842 845 0
842 846 0
842 843 7
842 844 7
842 845 7
842 846 7
842 847 0
842 848 0
842 849 0
842 850 0
842 847 7
842 848 7
842 849 7
842 850 7
843 843 7
843 857 0
843 858 0
843 847 0
843 848 0
843 857 7
843 858 7
843 847 7
843 848 7
843 859 0
843 860 0
843 861 0
843 862 0
843 859 7
843 860 7
843 861 7
843 862 7
844 844 7
844 869 0
844 870 0
844 849 0
844 850 0
844 869 7
844 870 7
844 849 7
844 850 7
844 871 0
844 872 0
844 873 0
844 874 0
844 871 7
844 872 7
844 873 7
844 874 7
845 845 7
845 847 0
845 849 0
845 881 0
845 882 0
845 847 7
845 849 7
845 881 7
845 882 7
845 883 0
845 884 0
845 885 0
845 886 0
845 883 7
845 884 7
845 885 7
845 886 7
846 846 7
846 848 0
846 850 0
846 893 0
846 894 0
846 848 7
846 850 7
846 893 7
846 894 7
846 895 0
846 896 0
846 897 0
846 898 0
846 895 7
846 896 7
846 897 7
846 898 7
847 847 7
847 859 0
847 861 0
847 883 0
847 884 0
847 859 7
847 861 7
847 883 7
847 884 7
847 903 0
847 904 0
847 905 0
847 906 0
847 903 7
847 904 7
847 905 7
847 906 7
848 848 7
848 860 0
848 862 0
848 895 0
848 896 0
848 860 7
848 862 7
848 895 7
848 896 7
848 911 0
848 912 0
848 913 0
848 914 0
848 911 7
848 912 7
848 913 7
848 914 7
849 849 7
849 871 0
849 873 0
849 885 0
849 886 0
849 871 7
849 873 7
849 885 7
849 886 7
849 919 0
849 920 0
849 921 0
849 922 0
849 919 7
849 920 7
849 921 7
849 922 7
850 850 7
850 872 0
850 874 0
850 897 0
850 898 0
850 872 7
850 874 7
850 897 7
850 898 7
850 927 0
850 928 0
850 929 0
850 930 0
850 927 7
850 928 7
850 929 7
850 930 7
851 851 7
851 853 0
851 854 0
851 853 7
851 854 7
852 852 7
852 855 0
852 856 0
852 855 7
852 856 7
853 853 7
853 899 0
853 900 0
853 899 7
853 900 7
854 854 7
854 907 0
854 908 0
854 907 7
854 908 7
855 855 7
855 901 0
855 902 0
855 901 7
855 902 7
856 856 7
856 909 0
856 910 0
856 909 7
856 910 7
857 857 7
857 859 0
857 860 0
857 859 7
857 860 7
858 858 7
858 861 0
858 862 0
858 861 7
858 862 7
859 859 7
859 903 0
859 904 0
859 903 7
859 904 7
860 860 7
860 911 0
860 912 0
860 911 7
860 912 7
861 861 7
861 905 0
861 906 0
861 905 7
861 906 7
862 862 7
862 913 0
862 914 0
862 913 7
862 914 7
863 863 7
863 865 0
863 866 0
863 865 7
863 866 7
864 864 7
864 867 0
864 868 0
864 867 7
864 868 7
865 865 7
865 915 0
865 916 0
865 915 7
865 916 7
866 866 7
866 923 0
866 924 0
866 923 7
866 924 7
867 867 7
867 917 0
867 918 0
867 917 7
867 918 7
868 868 7
868 925 0
868 926 0
868 925 7
868 926 7
869 869 7
869 871 0
869 872 0
869 871 7
869 872 7
870 870 7
870 873 0
870 874 0
870 873 7
870 874 7
871 871 7
871 919 0
871 920 0
871 919 7
871 920 7
872 872 7
872 927 0
872 928 0
872 927 7
872 928 7
873 873 7
873 921 0
873 922 0
873 921 7
873 922 7
874 874 7
874 929 0
874 930 0
874 929 7
874 930 7
875 875 7
875 877 0
875 879 0
875 877 7
875 879 7
876 876 7
876 878 0
876 880 0
876 878 7
876 880 7
877 877 7
877 899 0
877 901 0
877 899 7
877 901 7
878 878 7
878 900 0
878 902 0
878 900 7
878 902 7
879 879 7
879 915 0
879 917 0
879 915 7
879 917 7
880 880 7
880 916 0
880 918 0
880 916 7
880 918 7
881 881 7
881 883 0
881 885 0
881 883 7
881 885 7
882 882 7
882 884 0
882 886 0
882 884 7
882 886 7
883 883 7
883 903 0
883 905 0
883 903 7
883 905 7
884 884 7
884 904 0
884 906 0
884 904 7
884 906 7
885 885 7
885 919 0
885 921 0
885 919 7
885 921 7
886 886 7
886 920 0
886 922 0
886 920 7
886 922 7
887 887 7
887 889 0
887 891 0
887 889 7
887 891 7
888 888 7
888 890 0
888 892 0
888 890 7
888 892 7
889 889 7
889 907 0
889 909 0
889 907 7
889 909 7
890 890 7
890 908 0
890 910 0
890 908 7
890 910 7
891 891 7
891 923 0
891 925 0
891 923 7
891 925 7
892 892 7
892 924 0
892 926 0
892 924 7
892 926 7
893 893 7
893 895 0
893 897 0
893 895 7
893 897 7
894 894 7
894 896 0
894 898 0
894 896 7
894 898 7
895 895 7
895 911 0
895 913 0
895 911 7
895 913 7
896 896 7
896 912 0
896 914 0
896 912 7
896 914 7
897 897 7
897 927 0
897 929 0
897 927 7
897 929 7
898 898 7
898 928 0
898 930 0
898 928 7
898 930 7
899 899 7
900 900 7
901 901 7
902 902 7
903 903 7
904 904 7
905 905 7
906 906 7
907 907 7
908 908 7
909 909 7
910 910 7
911 911 7
912 912 7
913 913 7
914 914 7
915 915 7
916 916 7
917 917 7
918 918 7
919 919 7
920 920 7
921 921 7
922 922 7
923 923 7
924 924 7
925 925 7
926 926 7
927 927 7
928 928 7
929 929 7
930 930 7
931 931 7
931 932 0
931 933 0
931 934 0
931 935 0
931 932 7
931 933 7
931 934 7
931 935 7
931 936 0
931 937 0
931 938 0
931 939 0
931 936 7
931 937 7
931 938 7
931 939 7
932 932 7
932 949 0
932 950 0
932 936 0
932 937 0
932 949 7
932 950 7
932 936 7
932 937 7
932 951 0
932 952 0
932 953 0
932 954 0
932 951 7
932 952 7
932 953 7
932 954 7
933 933 7
933 961 0
933 962 0
933 938 0
933 939 0
933 961 7
933 962 7
933 938 7
933 939 7
933 963 0
933 964 0
933 965 0
933 966 0
933 963 7
933 964 7
933 965 7
933 966 7
934 934 7
934 936 0
934 938 0
934 973 0
934 974 0
934 936 7
934 938 7
934 973 7
934 974 7
934 975 0
934 976 0
934 977 0
934 978 0
934 975 7
934 976 7
934 977 7
934 978 7
935 935 7
935 937 0
935 939 0
935 985 0
935 986 0
935 937 7
935 939 7
935 985 7
935 986 7
935 987 0
935 988 0
935 989 0
935 990 0
935 987 7
935 988 7
935 989 7
935 990 7
936 936 7
936 951 0
936 953 0
936 975 0
936 976 0
936 951 7
936 953 7
936 975 7
936 976 7
936 997 0
936 998 0
936 999 0
936 1000 0
936 997 7
936 998 7
936 999 7
936 1000 7
937 937 7
937 952 0
937 954 0
937 987 0
937 988 0
937 952 7
937 954 7
937 987 7
937 988 7
937 1005 0
937 1006 0
937 1007 0
937 1008 0
937 1005 7
937 1006 7
937 1007 7
937 1008 7
938 938 7
938 963 0
938 965 0
938 977 0
938 978 0
938 963 7
938 965 7
938 977 7
938 978 7
938 1013 0
938 1014 0
938 1015 0
938 1016 0
938 1013 7
938 1014 7
938 1015 7
938 1016 7
939 939 7
939 964 0
939 966 0
939 989 0
939 990 0
939 964 7
939 966 7
939 989 7
939 990 7
939 1021 0
939 1022 0
939 1023 0
939 1024 0
939 1021 7
939 1022 7
939 1023 7
939 1024 7
940 940 7
940 941 0
940 942 0
940 943 0
940 944 0
940 941 7
940 942 7
940 943 7
940 944 7
940 945 0
940 946 0
940 947 0
940 948 0
940 945 7
940 946 7
940 947 7
940 948 7
941 941 7
941 955 0
941 956 0
941 945 0
941 946 0
941 955 7
941 956 7
941 945 7
941 946 7
941 957 0
941 958 0
941 959 0
941 960 0
941 957 7
941 958 7
941 959 7
941 960 7
942 942 7
942 967 0
942 968 0
942 947 0
942 948 0
942 967 7
942 968 7
942 947 7
942 948 7
942 969 0
942 970 0
942 971 0
942 972 0
942 969 7
942 970 7
942 971 7
942 972 7
943 943 7
943 945 0
943 947 0
943 979 0
943 980 0
943 945 7
943 947 7
943 979 7
943 980 7
943 981 0
943 982 0
943 983 0
943 984 0
943 981 7
943 982 7
943 983 7
943 984 7
944 944 7
944 946 0
944 948 0
944 991 0
944 992 0
944 946 7
944 948 7
944 991 7
944 992 7
944 993 0
944 994 0
944 995 0
944 996 0
944 993 7
944 994 7
944 995 7
944 996 7
945 945 7
945 957 0
945 959 0
945 981 0
945 982 0
945 957 7
945 959 7
945 981 7
945 982 7
945 1001 0
945 1002 0
945 1003 0
945 1004 0
945 1001 7
945 1002 7
945 1003 7
945 1004 7
946 946 7
946 958 0
946 960 0
946 993 0
946 994 0
946 958 7
946 960 7
946 993 7
946 994 7
946 1009 0
946 1010 0
946 1011 0
946 1012 0
946 1009 7
946 1010 7
946 1011 7
946 1012 7
947 947 7
947 969 0
947 971 0
947 983 0
947 984 0
947 969 7
947 971 7
947 983 7
947 984 7
947 1017 0
947 1018 0
947 1019 0
947 1020 0
947 1017 7
947 1018 7
947 1019 7
947 1020 7
948 948 7
948 970 0
948 972 0
948 995 0
948 996 0
948 970 7
948 972 7
948 995 7
948 996 7
948 1025 0
948 1026 0
948 1027 0
948 1028 0
948 1025 7
948 1026 7
948 1027 7
948 1028 7
949 949 7
949 951 0
949 952 0
949 951 7
949 952 7
950 950 7
950 953 0
950 954 0
950 953 7
950 954 7
951 951 7
951 997 0
951 998 0
951 997 7
951 998 7
952 952 7
952 1005 0
952 1006 0
952 1005 7
952 1006 7
953 953 7
953 999 0
953 1000 0
953 999 7
953 1000 7
954 954 7
954 1007 0
954 1008 0
954 1007 7
954 1008 7
955 955 7
955 957 0
955 958 0
955 957 7
955 958 7
956 956 7
956 959 0
956 960 0
956 959 7
956 960 7
957 957 7
957 1001 0
957 1002 0
957 1001 7
957 1002 7
958 958 7
958 1009 0
958 1010 0
958 1009 7
958 1010 7
959 959 7
959 1003 0
959 1004 0
959 1003 7
959 1004 7
960 960 7
960 1011 0
960 1012 0
960 1011 7
960 1012 7
961 961 7
961 963 0
961 964 0
961 963 7
961 964 7
962 962 7
962 965 0
962 966 0
962 965 7
962 966 7
963 963 7
963 1013 0
963 1014 0
963 1013 7
963 1014 7
964 964 7
964 1021 0
964 1022 0
964 1021 7
964 1022 7
965 965 7
965 1015 0
965 1016 0
965 1015 7
965 1016 7
966 966 7
966 1023 0
966 1024 0
966 1023 7
966 1024 7
967 967 7
967 969 0
967 970 0
967 969 7
967 970 7
968 968 7
968 971 0
968 972 0
968 971 7
968 972 7
969 969 7
969 1017 0
969 1018 0
969 1017 7
969 1018 7
970 970 7
970 1025 0
970 1026 0
970 1025 7
970 1026 7
971 971 7
971 1019 0
971 1020 0
971 1019 7
971 1020 7
972 972 7
972 1027 0
972 1028 0
972 1027 7
972 1028 7
973 973 7
973 975 0
973 977 0
973 975 7
973 977 7
974 974 7
974 976 0
974 978 0
974 976 7
974 978 7
975 975 7
975 997 0
975 999 0
975 997 7
975 999 7
976 976 7
976 998 0
976 1000 0
976 998 7
976 1000 7
977 977 7
977 1013 0
977 1015 0
977 1013 7
977 1015 7
978 978 7
978 1014 0
978 1016 0
978 1014 7
978 1016 7
979 979 7
979 981 0
979 983 0
979 981 7
979 983 7
980 980 7
980 982 0
980 984 0
980 982 7
980 984 7
981 981 7
981 1001 0
981 1003 0
981 1001 7
981 1003 7
982 982 7
982 1002 0
982 1004 0
982 1002 7
982 1004 7
983 983 7
983 1017 0
983 1019 0
983 1017 7
983 1019 7
984 984 7
984 1018 0
984 1020 0
984 1018 7
984 1020 7
985 985 7
985 987 0
985 989 0
985 987 7
985 989 7
986 986 7
986 988 0
986 990 0
986 988 7
986 990 7
987 987 7
987 1005 0
987 1007 0
987 1005 7
987 1007 7
988 988 7
988 1006 0
988 1008 0
988 1006 7
988 1008 7
989 989 7
989 1021 0
989 1023 0
989 1021 7
989 1023 7
990 990 7
990 1022 0
990 1024 0
990 1022 7
990 1024 7
991 991 7
991 993 0
991 995 0
991 993 7
991 995 7
992 992 7
992 994 0
992 996 0
992 994 7
992 996 7
993 993 7
993 1009 0
993 1011 0
993 1009 7
993 1011 7
994 994 7
994 1010 0
994 1012 0
994 1010 7
994 1012 7
995 995 7
995 1025 0
995 1027 0
995 1025 7
995 1027 7
996 996 7
996 1026 0
996 1028 0
996 1026 7
996 1028 7
997 997 7
998 998 7
999 999 7
1000 1000 7
1001 1001 7
1002 1002 7
1003 1003 7
1004 1004 7
1005 1005 7
1006 1006 7
1007 1007 7
1008 1008 7
1009 1009 7
1010 1010 7
1011 1011 7
1012 1012 7
1013 1013 7
1014 1014 7
1015 1015 7
1016 1016 7
1017 1017 7
1018 1018 7
1019 1019 7
1020 1020 7
1021 1021 7
1022 1022 7
1023 1023 7
1024 1024 7
1025 1025 7
1026 1026 7
1027 1027 7
1028 1028 7
1029 1029 7
1029 1030 0
1029 1031 0
1029 1032 0
1029 1033 0
1029 1030 7
1029 1031 7
1029 1032 7
1029 1033 7
1029 1034 0
1029 1035 0
1029 1036 0
1029 1037 0
1029 1034 7
1029 1035 7
1029 1036 7
1029 1037 7
1030 1030 7
1030 1047 0
1030 1048 0
1030 1034 0
1030 1035 0
1030 1047 7
1030 1048 7
1030 1034 7
1030 1035 7
1030 1049 0
1030 1050 0
1030 1051 0
1030 1052 0
1030 1049 7
1030 1050 7
1030 1051 7
1030 1052 7
1031 1031 7
1031 1059 0
1031 1060 0
1031 1036 0
1031 1037 0
1031 1059 7
1031 1060 7
1031 1036 7
1031 1037 7
1031 1061 0
1031 1062 0
1031 1063 0
1031 1064 0
1031 1061 7
1031 1062 7
1031 1063 7
1031 1064 7
1032 1032 7
1032 1034 0
1032 1036 0
1032 1071 0
1032 1072 0
1032 1034 7
1032 1036 7
1032 1071 7
1032 1072 7
1032 1073 0
1032 1074 0
1032 1075 0
1032 1076 0
1032 1073 7
1032 1074 7
1032 1075 7
1032 1076 7
1033 1033 7
1033 1035 0
1033 1037 0
1033 1083 0
1033 1084 0
1033 1035 7
1033 1037 7
1033 1083 7
1033 1084 7
1033 1085 0
1033 1086 0
1033 1087 0
1033 1088 0
1033 1085 7
1033 1086 7
1033 1087 7
1033 1088 7
1034 1034 7
1034 1049 0
1034 1051 0
1034 1073 0
1034 1074 0
1034 1049 7
1034 1051 7
1034 1073 7
1034 1074 7
1034 1095 0
1034 1096 0
1034 1097 0
1034 1098 0
1034 1095 7
1034 1096 7
1034 1097 7
1034 1098 7
1035 1035 7
1035 1050 0
1035 1052 0
1035 1085 0
1035 1086 0
1035 1050 7
1035 1052 7
1035 1085 7
1035 1086 7
1035 1103 0
1035 1104 0
1035 1105 0
1035 1106 0
1035 1103 7
1035 1104 7
1035 1105 7
1035 1106 7
1036 1036 7
1036 1061 0
1036 1063 0
1036 1075 0
1036 1076 0
1036 1061 7
1036 1063 7
1036 1075 7
1036 1076 7
1036 1111 0
1036 1112 0
1036 1113 0
1036 1114 0
1036 1111 7
1036 1112 7
1036 1113 7
1036 1114 7
1037 1037 7
1037 1062 0
1037 1064 0
1037 1087 0
1037 1088 0
1037 1062 7
1037 1064 7
1037 1087 7
1037 1088 7
1037 1119 0
1037 1120 0
1037 1121 0
1037 1122 0
1037 1119 7
1037 1120 7
1037 1121 7
1037 1122 7
1038 1038 7
1038 1039 0
1038 1040 0
1038 1041 0
1038 1042 0
1038 1039 7
1038 1040 7
1038 1041 7
1038 1042 7
1038 1043 0
1038 1044 0
1038 1045 0
1038 1046 0
1038 1043 7
1038 1044 7
1038 1045 7
1038 1046 7
1039 1039 7
1039 1053 0
1039 1054 0
1039 1043 0
1039 1044 0
1039 1053 7
1039 1054 7
1039 1043 7
1039 1044 7
1039 1055 0
1039 1056 0
1039 1057 0
1039 1058 0
1039 1055 7
1039 1056 7
1039 1057 7
1039 1058 7
1040 1040 7
1040 1065 0
1040 1066 0
1040 1045 0
1040 1046 0
1040 1065 7
1040 1066 7
1040 1045 7
1040 1046 7
1040 1067 0
1040 1068 0
1040 1069 0
1040 1070 0
1040 1067 7
1040 1068 7
1040 1069 7
1040 1070 7
1041 1041 7
1041 1043 0
1041 1045 0
1041 1077 0
1041 1078 0
1041 1043 7
1041 1045 7
1041 1077 7
1041 1078 7
1041 1079 0
1041 1080 0
1041 1081 0
1041 1082 0
1041 1079 7
1041 1080 7
1041 1081 7
1041 1082 7
1042 1042 7
1042 1044 0
1042 1046 0
1042 1089 0
1042 1090 0
1042 1044 7
1042 1046 7
1042 1089 7
1042 1090 7
1042 1091 0
1042 1092 0
1042 1093 0
1042 1094 0
1042 1091 7
1042 1092 7
1042 1093 7
1042 1094 7
1043 1043 7
1043 1055 0
1043 1057 0
1043 1079 0
1043 1080 0
1043 1055 7
1043 1057 7
1043 1079 7
1043 1080 7
1043 1099 0
1043 1100 0
1043 1101 0
1043 1102 0
1043 1099 7
1043 1100 7
1043 1101 7
1043 1102 7
1044 1044 7
1044 1056 0
1044 1058 0
1044 1091 0
1044 1092 0
1044 1056 7
1044 1058 7
1044 1091 7
1044 1092 7
1044 1107 0
1044 1108 0
1044 1109 0
1044 1110 0
1044 1107 7
1044 1108 7
1044 1109 7
1044 1110 7
1045 1045 7
1045 1067 0
1045 1069 0
1045 1081 0
1045 1082 0
1045 1067 7
1045 1069 7
1045 1081 7
1045 1082 7
1045 1115 0
1045 1116 0
1045 1117 0
1045 1118 0
1045 1115 7
1045 1116 7
1045 1117 7
1045 1118 7
1046 1046 7
1046 1068 0
1046 1070 0
1046 1093 0
1046 1094 0
1046 1068 7
1046 1070 7
1046 1093 7
1046 1094 7
1046 1123 0
1046 1124 0
1046 1125 0
1046 1126 0
1046 1123 7
1046 1124 7
1046 1125 7
1046 1126 7
1047 1047 7
1047 1049 0
1047 1050 0
1047 1049 7
1047 1050 7
1048 1048 7
1048 1051 0
1048 1052 0
1048 1051 7
1048 1052 7
1049 1049 7
1049 1095 0
1049 1096 0
1049 1095 7
1049 1096 7
1050 1050 7
1050 1103 0
1050 1104 0
1050 1103 7
1050 1104 7
1051 1051 7
1051 1097 0
1051 1098 0
1051 1097 7
1051 1098 7
1052 1052 7
1052 1105 0
1052 1106 0
1052 1105 7
1052 1106 7
1053 1053 7
1053 1055 0
1053 1056 0
1053 1055 7
1053 1056 7
1054 1054 7
1054 1057 0
1054 1058 0
1054 1057 7
1054 1058 7
1055 1055 7
1055 1099 0
1055 1100 0
1055 1099 7
1055 1100 7
1056 1056 7
1056 1107 0
1056 1108 0
1056 1107 7
1056 1108 7
1057 1057 7
1057 1101 0
1057 1102 0
1057 1101 7
1057 1102 7
1058 1058 7
1058 1109 0
1058 1110 0
1058 1109 7
1058 1110 7
1059 1059 7
1059 1061 0
1059 1062 0
1059 1061 7
1059 1062 7
1060 1060 7
1060 1063 0
1060 1064 0
1060 1063 7
1060 1064 7
1061 1061 7
1061 1111 0
1061 1112 0
1061 1111 7
1061 1112 7
1062 1062 7
1062 1119 0
1062 1120 0
1062 1119 7
1062 1120 7
1063 1063 7
1063 1113 0
1063 1114 0
1063 1113 7
1063 1114 7
1064 1064 7
1064 1121 0
1064 1122 0
1064 1121 7
1064 1122 7
1065 1065 7
1065 1067 0
1065 1068 0
1065 1067 7
1065 1068 7
1066 1066 7
1066 1069 0
1066 1070 0
1066 1069 7
1066 1070 7
1067 1067 7
1067 1115 0
1067 1116 0
1067 1115 7
1067 1116 7
1068 1068 7
1068 1123 0
1068 1124 0
1068 1123 7
1068 1124 7
1069 1069 7
1069 1117 0
1069 1118 0
1069 1117 7
1069 1118 7
1070 1070 7
1070 1125 0
1070 1126 0
1070 1125 7
1070 1126 7
1071 1071 7
1071 1073 0
1071 1075 0
1071 1073 7
1071 1075 7
1072 1072 7
1072 1074 0
1072 1076 0
1072 1074 7
1072 1076 7
1073 1073 7
1073 1095 0
1073 1097 0
1073 1095 7
1073 1097 7
1074 1074 7
1074 1096 0
1074 1098 0
1074 1096 7
1074 1098 7
1075 1075 7
1075 1111 0
1075 1113 0
1075 1111 7
1075 1113 7
1076 1076 7
1076 1112 0
1076 1114 0
1076 1112 7
1076 1114 7
1077 1077 7
1077 1079 0
1077 1081 0
1077 1079 7
1077 1081 7
1078 1078 7
1078 1080 0
1078 1082 0
1078 1080 7
1078 1082 7
1079 1079 7
1079 1099 0
1079 1101 0
1079 1099 7
1079 1101 7
1080 1080 7
1080 1100 0
1080 1102 0
1080 1100 7
1080 1102 7
1081 1081 7
1081 1115 0
1081 1117 0
1081 1115 7
1081 1117 7
1082 1082 7
1082 1116 0
1082 1118 0
1082 1116 7
1082 1118 7
1083 1083 7
1083 1085 0
1083 1087 0
1083 1085 7
1083 1087 7
1084 1084 7
1084 1086 0
1084 1088 0
1084 1086 7
1084 1088 7
1085 1085 7
1085 1103 0
1085 1105 0
1085 1103 7
1085 1105 7
1086 1086 7
1086 1104 0
1086 1106 0
1086 1104 7
1086 1106 7
1087 1087 7
1087 1119 0
1087 1121 0
1087 1119 7
1087 1121 7
1088 1088 7
1088 1120 0
1088 1122 0
1088 1120 7
1088 1122 7
1089 1089 7
1089 1091 0
1089 1093 0
1089 1091 7
1089 1093 7
1090 1090 7
1090 1092 0
1090 1094 0
1090 1092 7
1090 1094 7
1091 1091 7
1091 1107 0
1091 1109 0
1091 1107 7
1091 1109 7
1092 1092 7
1092 1108 0
1092 1110 0
1092 1108 7
1092 1110 7
1093 1093 7
1093 1123 0
1093 1125 0
1093 1123 7
1093 1125 7
1094 1094 7
1094 1124 0
1094 1126 0
1094 1124 7
1094 1126 7
1095 1095 7
1096 1096 7
1097 1097 7
1098 1098 7
1099 1099 7
1100 1100 7
1101 1101 7
1102 1102 7
1103 1103 7
1104 1104 7
1105 1105 7
1106 1106 7
1107 1107 7
1108 1108 7
1109 1109 7
1110 1110 7
1111 1111 7
1112 1112 7
1113 1113 7
1114 1114 7
1115 1115 7
1116 1116 7
1117 1117 7
1118 1118 7
1119 1119 7
1120 1120 7
1121 1121 7
1122 1122 7
1123 1123 7
1124 1124 7
1125 1125 7
1126 1126 7
43
1 0
33 128 1 129 130 7 8 9 10 19 20 21 22 65 66 73 74 75 76 83 84 91 92 93 94 101 102 109 110 111 112 119 120 127
33 2 131 132 133 134 11 12 13 14 23 24 25 26 67 68 77 78 79 80 85 86 95 96 97 98 103 104 113 114 115 116 121 122
32 3 4 5 6 15 16 17 18 63 64 69 70 71 72 81 82 87 88 89 90 99 100 105 106 107 108 117 118 123 124 125 126
49 280 281 135 136 139 140 141 142 282 147 148 151 152 153 154 27 279 29 30 31 32 159 160 163 164 37 38 39 40 165 166 171 172 287 288 175 176 177 178 289 290 303 304 305 306 295 296 297 298
49 137 138 286 143 144 145 146 149 150 284 285 155 156 28 157 158 283 33 34 35 36 161 162 167 168 41 42 43 44 169 170 173 174 299 300 179 180 181 182 302 307 291 308 309 310 292 293 294 301
49 311 314 45 47 48 49 50 55 184 56 57 58 187 188 190 189 183 312 313 195 196 319 320 199 200 201 202 322 327 328 329 207 208 321 330 211 212 213 214 335 336 337 338 219 220 223 224 225 226
49 317 46 51 52 53 54 185 186 59 60 61 62 191 192 193 194 315 316 197 198 318 323 324 325 203 204 205 206 326 331 209 210 332 333 334 339 215 216 217 218 340 341 221 222 342 227 228 229 230
16 256 257 258 231 232 233 234 267 268 269 270 243 244 245 246 255
16 259 260 261 262 235 236 237 238 271 272 273 274 247 248 249 250
16 263 264 265 266 239 240 241 242 275 276 277 278 251 252 253 254
33 385 387 389 391 393 395 397 399 401 403 405 407 409 411 413 415 417 419 421 423 425 343 345 347 349 351 353 355 357 359 379 381 383
33 384 386 388 390 392 394 396 398 400 402 404 406 408 410 412 414 416 418 420 422 424 426 344 346 348 350 352 354 356 358 360 380 382
33 427 429 431 433 435 437 439 441 443 445 447 449 451 453 455 457 459 461 463 465 467 469 471 473 361 363 365 367 369 371 373 375 377
33 428 430 432 434 436 438 440 442 444 446 448 450 452 454 456 458 460 462 464 466 468 470 472 474 362 364 366 368 370 372 374 376 378
16 481 483 485 487 489 491 493 495 497 499 501 503 505 475 477 479
16 480 482 484 486 488 490 492 494 496 498 500 502 504 506 476 478
16 513 515 517 519 521 523 525 527 529 531 533 535 537 507 509 511
16 512 514 516 518 520 522 524 526 528 530 532 534 536 538 508 510
33 539 541 543 545 547 549 551 553 555 575 577 579 581 583 585 587 589 591 593 595 597 599 601 603 605 607 609 611 613 615 617 619 621
33 540 542 544 546 548 550 552 554 556 576 578 580 582 584 586 588 590 592 594 596 598 600 602 604 606 608 610 612 614 616 618 620 622
33 641 643 645 647 649 651 653 655 657 659 661 663 665 667 669 557 559 561 563 565 567 569 571 573 623 625 627 629 631 633 635 637 639
33 640 642 644 646 648 650 652 654 656 658 660 662 664 666 668 670 558 560 562 564 566 568 570 572 574 624 626 628 630 632 634 636 638
16 673 675 677 679 681 683 685 687 689 691 693 695 697 699 701 671
16 672 674 676 678 680 682 684 686 688 690 692 694 696 698 700 702
16 705 707 709 711 713 715 717 719 721 723 725 727 729 731 733 703
16 704 706 708 710 712 714 716 718 720 722 724 726 728 730 732 734
33 768 769 770 777 778 779 780 781 782 789 790 791 792 793 794 735 736 737 738 739 740 741 742 743 753 754 755 756 757 758 765 766 767
33 771 772 773 774 775 776 783 784 785 786 787 788 795 796 797 798 799 800 744 745 746 747 748 749 750 751 752 759 760 761 762 763 764
16 801 802 803 804 809 810 811 812 817 818 819 820 825 826 827 828
16 832 805 806 807 808 813 814 815 816 821 822 823 824 829 830 831
33 833 834 835 836 837 838 839 840 841 851 852 853 854 855 856 863 864 865 866 867 868 875 876 877 878 879 880 887 888 889 890 891 892
33 896 897 898 842 843 844 845 846 847 848 849 850 857 858 859 860 861 862 869 870 871 872 873 874 881 882 883 884 885 886 893 894 895
16 899 900 901 902 907 908 909 910 915 916 917 918 923 924 925 926
16 928 929 930 903 904 905 906 911 912 913 914 919 920 921 922 927
33 931 932 933 934 935 936 937 938 939 949 950 951 952 953 954 961 962 963 964 965 966 973 974 975 976 977 978 985 986 987 988 989 990
33 940 941 942 943 944 945 946 947 948 955 956 957 958 959 960 967 968 969 970 971 972 979 980 981 982 983 984 991 992 993 994 995 996
16 1024 997 998 999 1000 1005 1006 1007 1008 1013 1014 1015 1016 1021 1022 1023
16 1025 1026 1027 1028 1001 1002 1003 1004 1009 1010 1011 1012 1017 1018 1019 1020
33 1029 1030 1031 1032 1033 1034 1035 1036 1037 1047 1048 1049 1050 1051 1052 1059 1060 1061 1062 1063 1064 1071 1072 1073 1074 1075 1076 1083 1084 1085 1086 1087 1088
33 1038 1039 1040 1041 1042 1043 1044 1045 1046 1053 1054 1055 1056 1057 1058 1065 1066 1067 1068 1069 1070 1077 1078 1079 1080 1081 1082 1089 1090 1091 1092 1093 1094
16 1120 1121 1122 1095 1096 1097 1098 1103 1104 1105 1106 1111 1112 1113 1114 1119
16 1123 1124 1125 1126 1099 1100 1101 1102 1107 1108 1109 1110 1115 1116 1117 1118
1029
0
1
2
3
4
5
6
7
8
9
10
11
12
13
14
15
16
17
18
19
20
21
22
23
24
25
26
27
28
29
30
31
32
33
34
35
36
37
38
39
40
41
42
43
44
45
46
47
48
49
50
51
52
53
54
55
56
57
58
59
60
61
62
63
64
65
66
67
68
69
70
71
72
73
74
75
76
77
78
79
80
81
82
83
84
85
86
87
88
89
90
91
92
93
94
95
96
97
98
99
100
101
102
103
104
105
106
107
108
109
110
111
112
113
114
115
116
117
118
119
120
121
122
123
124
125
126
127
128
129
130
131
132
133
134
135
136
137
138
139
140
141
142
143
144
145
146
147
148
149
150
151
152
153
154
155
156
157
158
159
160
161
162
163
164
165
166
167
168
169
170
171
172
173
174
175
176
177
178
179
180
181
182
183
184
185
186
187
188
189
190
191
192
193
194
195
196
197
198
199
200
201
202
203
204
205
206
207
208
209
210
211
212
213
214
215
216
217
218
219
220
221
222
223
224
225
226
227
228
229
230
231
232
233
234
235
236
237
238
239
240
241
242
243
244
245
246
247
248
249
250
251
252
253
254
255
256
257
258
259
260
261
262
263
264
265
266
267
268
269
270
271
272
273
274
275
276
277
278
279
280
281
282
283
284
285
286
287
288
289
290
291
292
293
294
295
296
297
298
299
300
301
302
303
304
305
306
307
308
309
310
311
312
313
314
315
316
317
318
319
320
321
322
323
324
325
326
327
328
329
330
331
332
333
334
335
336
337
338
339
340
341
342
343
344
345
346
347
348
349
350
351
352
353
354
355
356
357
358
359
360
361
362
363
364
365
366
367
368
369
370
371
372
373
374
375
376
377
378
379
380
381
382
383
384
385
386
387
388
389
390
391
392
393
394
395
396
397
398
399
400
401
402
403
404
405
406
407
408
409
410
411
412
413
414
415
416
417
418
419
420
421
422
423
424
425
426
427
428
429
430
431
432
433
434
435
436
437
438
439
440
441
442
443
444
445
446
447
448
449
450
451
452
453
454
455
456
457
458
459
460
461
462
463
464
465
466
467
468
469
470
471
472
473
474
475
476
477
478
479
480
481
482
483
484
485
486
487
488
489
490
491
492
493
494
495
496
497
498
499
500
501
502
503
504
505
506
507
508
509
510
511
512
513
514
515
516
517
518
519
520
521
522
523
524
525
526
527
528
529
530
531
532
533
534
535
536
537
538
539
540
541
542
543
544
545
546
547
548
549
550
551
552
553
554
555
556
557
558
559
560
561
562
563
564
565
566
567
568
569
570
571
572
573
574
575
576
577
578
579
580
581
582
583
584
585
586
587
588
589
590
591
592
593
594
595
596
597
598
599
600
601
602
603
604
605
606
607
608
609
610
611
612
613
614
615
616
617
618
619
620
621
622
623
624
625
626
627
628
629
630
631
632
633
634
635
636
637
638
639
640
641
642
643
644
645
646
647
648
649
650
651
652
653
654
655
656
657
658
659
660
661
662
663
664
665
666
667
668
669
670
671
672
673
674
675
676
677
678
679
680
681
682
683
684
685
686
687
688
689
690
691
692
693
694
695
696
697
698
699
700
701
702
703
704
705
706
707
708
709
710
711
712
713
714
715
716
717
718
719
720
721
722
723
724
725
726
727
728
729
730
731
732
733
734
735
736
737
738
739
740
741
742
743
744
745
746
747
748
749
750
751
752
753
754
755
756
757
758
759
760
761
762
763
764
765
766
767
768
769
770
771
772
773
774
775
776
777
778
779
780
781
782
783
784
785
786
787
788
789
790
791
792
793
794
795
796
797
798
799
800
801
802
803
804
805
806
807
808
809
810
811
812
813
814
815
816
817
818
819
820
821
822
823
824
825
826
827
828
829
830
831
832
833
834
835
836
837
838
839
840
841
842
843
844
845
846
847
848
849
850
851
852
853
854
855
856
857
858
859
860
861
862
863
864
865
866
867
868
869
870
871
872
873
874
875
876
877
878
879
880
881
882
883
884
885
886
887
888
889
890
891
892
893
894
895
896
897
898
899
900
901
902
903
904
905
906
907
908
909
910
911
912
913
914
915
916
917
918
919
920
921
922
923
924
925
926
927
928
929
930
940
941
942
943
944
945
946
947
948
955
956
957
958
959
960
967
968
969
970
971
972
979
980
981
982
983
984
991
992
993
994
995
996
1001
1002
1003
1004
1009
1010
1011
1012
1017
1018
1019
1020
1025
1026
1027
1028
1038
1039
1040
1041
1042
1043
1044
1045
1046
1053
1054
1055
1056
1057
1058
1065
1066
1067
1068
1069
1070
1077
1078
1079
1080
1081
1082
1089
1090
1091
1092
1093
1094
1099
1100
1101
1102
1107
1108
1109
1110
1115
1116
1117
1118
1123
1124
1125
1126
0
