529
1
2216
0 1 1
0 2 2
0 3 0
0 4 0
0 5 1
0 6 1
0 7 2
0 8 2
1 9 3
1 10 4
1 5 0
1 6 0
1 11 3
1 12 3
1 13 4
1 14 4
2 15 3
2 16 4
2 7 0
2 8 0
2 17 3
2 18 3
2 19 4
2 20 4
3 5 1
3 7 2
3 21 0
3 22 0
3 23 1
3 24 1
3 25 2
3 26 2
4 6 1
4 8 2
4 27 0
4 28 0
4 29 1
4 30 1
4 31 2
4 32 2
5 11 3
5 13 4
5 23 0
5 24 0
5 33 3
5 34 3
5 35 4
5 36 4
6 12 3
6 14 4
6 29 0
6 30 0
6 37 3
6 38 3
6 39 4
6 40 4
7 17 3
7 19 4
7 25 0
7 26 0
7 41 3
7 42 3
7 43 4
7 44 4
8 18 3
8 20 4
8 31 0
8 32 0
8 45 3
8 46 3
8 47 4
8 48 4
9 11 0
9 12 0
9 49 0
9 50 0
9 51 0
9 52 0
9 53 0
9 54 0
10 13 0
10 14 0
10 55 0
10 56 0
10 57 0
10 58 0
10 59 0
10 60 0
11 33 0
11 34 0
11 51 0
11 52 0
11 61 0
11 62 0
11 63 0
11 64 0
12 37 0
12 38 0
12 53 0
12 54 0
12 65 0
12 66 0
12 67 0
12 68 0
13 35 0
13 36 0
13 57 0
13 58 0
13 69 0
13 70 0
13 71 0
13 72 0
14 39 0
14 40 0
14 59 0
14 60 0
14 73 0
14 74 0
14 75 0
14 76 0
15 17 0
15 18 0
15 77 0
15 78 0
15 79 0
15 80 0
15 81 0
15 82 0
16 19 0
16 20 0
16 83 0
16 84 0
16 85 0
16 86 0
16 87 0
16 88 0
17 41 0
17 42 0
17 79 0
17 80 0
17 89 0
17 90 0
17 91 0
17 92 0
18 45 0
18 46 0
18 81 0
18 82 0
18 93 0
18 94 0
18 95 0
18 96 0
19 43 0
19 44 0
19 85 0
19 86 0
19 97 0
19 98 0
19 99 0
19 100 0
20 47 0
20 48 0
20 87 0
20 88 0
20 101 0
20 102 0
20 103 0
20 104 0
21 23 1
21 25 2
21 105 0
21 106 0
21 107 1
21 108 1
21 109 2
21 110 2
22 24 1
22 26 2
22 111 0
22 112 0
22 113 1
22 114 1
22 115 2
22 116 2
23 33 3
23 35 4
23 107 0
23 108 0
23 117 3
23 118 3
23 119 4
23 120 4
24 34 3
24 36 4
24 113 0
24 114 0
24 121 3
24 122 3
24 123 4
24 124 4
25 41 3
25 43 4
25 109 0
25 110 0
25 125 3
25 126 3
25 127 4
25 128 4
26 42 3
26 44 4
26 115 0
26 116 0
26 129 3
26 130 3
26 131 4
26 132 4
27 29 1
27 31 2
27 133 0
27 134 0
27 135 1
27 136 1
27 137 2
27 138 2
28 30 1
28 32 2
28 139 0
28 140 0
28 141 1
28 142 1
28 143 2
28 144 2
29 37 3
29 39 4
29 135 0
29 136 0
29 145 3
29 146 3
29 147 4
29 148 4
30 38 3
30 40 4
30 141 0
30 142 0
30 149 3
30 150 3
30 151 4
30 152 4
31 45 3
31 47 4
31 137 0
31 138 0
31 153 3
31 154 3
31 155 4
31 156 4
32 46 3
32 48 4
32 143 0
32 144 0
32 157 3
32 158 3
32 159 4
32 160 4
33 61 0
33 62 0
33 117 0
33 118 0
34 63 0
34 64 0
34 121 0
34 122 0
35 69 0
35 70 0
35 119 0
35 120 0
36 71 0
36 72 0
36 123 0
36 124 0
37 65 0
37 66 0
37 145 0
37 146 0
38 67 0
38 68 0
38 149 0
38 150 0
39 73 0
39 74 0
39 147 0
39 148 0
40 75 0
40 76 0
40 151 0
40 152 0
41 89 0
41 90 0
41 125 0
41 126 0
42 91 0
42 92 0
42 129 0
42 130 0
43 97 0
43 98 0
43 127 0
43 128 0
44 99 0
44 100 0
44 131 0
44 132 0
45 93 0
45 94 0
45 153 0
45 154 0
46 95 0
46 96 0
46 157 0
46 158 0
47 101 0
47 102 0
47 155 0
47 156 0
48 103 0
48 104 0
48 159 0
48 160 0
49 161 5
49 51 0
49 53 0
49 162 5
49 163 5
50 164 6
50 52 0
50 54 0
50 165 6
50 166 6
51 162 5
51 61 0
51 63 0
51 167 5
51 168 5
52 165 6
52 62 0
52 64 0
52 169 6
52 170 6
53 163 5
53 65 0
53 67 0
53 171 5
53 172 5
54 166 6
54 66 0
54 68 0
54 173 6
54 174 6
55 175 5
55 57 0
55 59 0
55 176 5
55 177 5
56 178 6
56 58 0
56 60 0
56 179 6
56 180 6
57 176 5
57 69 0
57 71 0
57 181 5
57 182 5
58 179 6
58 70 0
58 72 0
58 183 6
58 184 6
59 177 5
59 73 0
59 75 0
59 185 5
59 186 5
60 180 6
60 74 0
60 76 0
60 187 6
60 188 6
61 167 5
61 189 0
61 190 0
61 191 5
61 192 5
62 169 6
62 193 0
62 194 0
62 195 6
62 196 6
63 168 5
63 197 0
63 198 0
63 199 5
63 200 5
64 170 6
64 201 0
64 202 0
64 203 6
64 204 6
65 171 5
65 205 0
65 206 0
65 207 5
65 208 5
66 173 6
66 209 0
66 210 0
66 211 6
66 212 6
67 172 5
67 213 0
67 214 0
67 215 5
67 216 5
68 174 6
68 217 0
68 218 0
68 219 6
68 220 6
69 181 5
69 221 0
69 222 0
69 223 5
69 224 5
70 183 6
70 225 0
70 226 0
70 227 6
70 228 6
71 182 5
71 229 0
71 230 0
71 231 5
71 232 5
72 184 6
72 233 0
72 234 0
72 235 6
72 236 6
73 185 5
73 237 0
73 238 0
73 239 5
73 240 5
74 187 6
74 241 0
74 242 0
74 243 6
74 244 6
75 186 5
75 245 0
75 246 0
75 247 5
75 248 5
76 188 6
76 249 0
76 250 0
76 251 6
76 252 6
77 253 5
77 79 0
77 81 0
77 254 5
77 255 5
78 256 6
78 80 0
78 82 0
78 257 6
78 258 6
79 254 5
79 89 0
79 91 0
79 259 5
79 260 5
80 257 6
80 90 0
80 92 0
80 261 6
80 262 6
81 255 5
81 93 0
81 95 0
81 263 5
81 264 5
82 258 6
82 94 0
82 96 0
82 265 6
82 266 6
83 267 5
83 85 0
83 87 0
83 268 5
83 269 5
84 270 6
84 86 0
84 88 0
84 271 6
84 272 6
85 268 5
85 97 0
85 99 0
85 273 5
85 274 5
86 271 6
86 98 0
86 100 0
86 275 6
86 276 6
87 269 5
87 101 0
87 103 0
87 277 5
87 278 5
88 272 6
88 102 0
88 104 0
88 279 6
88 280 6
89 259 5
89 281 0
89 282 0
89 283 5
89 284 5
90 261 6
90 285 0
90 286 0
90 287 6
90 288 6
91 260 5
91 289 0
91 290 0
91 291 5
91 292 5
92 262 6
92 293 0
92 294 0
92 295 6
92 296 6
93 263 5
93 297 0
93 298 0
93 299 5
93 300 5
94 265 6
94 301 0
94 302 0
94 303 6
94 304 6
95 264 5
95 305 0
95 306 0
95 307 5
95 308 5
96 266 6
96 309 0
96 310 0
96 311 6
96 312 6
97 273 5
97 313 0
97 314 0
97 315 5
97 316 5
98 275 6
98 317 0
98 318 0
98 319 6
98 320 6
99 274 5
99 321 0
99 322 0
99 323 5
99 324 5
100 276 6
100 325 0
100 326 0
100 327 6
100 328 6
101 277 5
101 329 0
101 330 0
101 331 5
101 332 5
102 279 6
102 333 0
102 334 0
102 335 6
102 336 6
103 278 5
103 337 0
103 338 0
103 339 5
103 340 5
104 280 6
104 341 0
104 342 0
104 343 6
104 344 6
105 107 1
105 109 2
105 345 0
105 346 1
105 347 2
106 108 1
106 110 2
106 348 0
106 349 1
106 350 2
107 117 3
107 119 4
107 346 0
107 351 3
107 352 4
108 118 3
108 120 4
108 349 0
108 353 3
108 354 4
109 125 3
109 127 4
109 347 0
109 355 3
109 356 4
110 126 3
110 128 4
110 350 0
110 357 3
110 358 4
111 113 1
111 115 2
111 359 0
111 360 1
111 361 2
112 114 1
112 116 2
112 362 0
112 363 1
112 364 2
113 121 3
113 123 4
113 360 0
113 365 3
113 366 4
114 122 3
114 124 4
114 363 0
114 367 3
114 368 4
115 129 3
115 131 4
115 361 0
115 369 3
115 370 4
116 130 3
116 132 4
116 364 0
116 371 3
116 372 4
117 351 0
117 189 0
117 193 0
117 373 0
117 374 0
118 353 0
118 190 0
118 194 0
118 375 0
118 376 0
119 352 0
119 221 0
119 225 0
119 377 0
119 378 0
120 354 0
120 222 0
120 226 0
120 379 0
120 380 0
121 365 0
121 197 0
121 201 0
121 381 0
121 382 0
122 367 0
122 198 0
122 202 0
122 383 0
122 384 0
123 366 0
123 229 0
123 233 0
123 385 0
123 386 0
124 368 0
124 230 0
124 234 0
124 387 0
124 388 0
125 355 0
125 281 0
125 285 0
125 389 0
125 390 0
126 357 0
126 282 0
126 286 0
126 391 0
126 392 0
127 356 0
127 313 0
127 317 0
127 393 0
127 394 0
128 358 0
128 314 0
128 318 0
128 395 0
128 396 0
129 369 0
129 289 0
129 293 0
129 397 0
129 398 0
130 371 0
130 290 0
130 294 0
130 399 0
130 400 0
131 370 0
131 321 0
131 325 0
131 401 0
131 402 0
132 372 0
132 322 0
132 326 0
132 403 0
132 404 0
133 135 1
133 137 2
133 405 0
133 406 1
133 407 2
134 136 1
134 138 2
134 408 0
134 409 1
134 410 2
135 145 3
135 147 4
135 406 0
135 411 3
135 412 4
136 146 3
136 148 4
136 409 0
136 413 3
136 414 4
137 153 3
137 155 4
137 407 0
137 415 3
137 416 4
138 154 3
138 156 4
138 410 0
138 417 3
138 418 4
139 141 1
139 143 2
139 419 0
139 420 1
139 421 2
140 142 1
140 144 2
140 422 0
140 423 1
140 424 2
141 149 3
141 151 4
141 420 0
141 425 3
141 426 4
142 150 3
142 152 4
142 423 0
142 427 3
142 428 4
143 157 3
143 159 4
143 421 0
143 429 3
143 430 4
144 158 3
144 160 4
144 424 0
144 431 3
144 432 4
145 411 0
145 205 0
145 209 0
145 433 0
145 434 0
146 413 0
146 206 0
146 210 0
146 435 0
146 436 0
147 412 0
147 237 0
147 241 0
147 437 0
147 438 0
148 414 0
148 238 0
148 242 0
148 439 0
148 440 0
149 425 0
149 213 0
149 217 0
149 441 0
149 442 0
150 427 0
150 214 0
150 218 0
150 443 0
150 444 0
151 426 0
151 245 0
151 249 0
151 445 0
151 446 0
152 428 0
152 246 0
152 250 0
152 447 0
152 448 0
153 415 0
153 297 0
153 301 0
153 449 0
153 450 0
154 417 0
154 298 0
154 302 0
154 451 0
154 452 0
155 416 0
155 329 0
155 333 0
155 453 0
155 454 0
156 418 0
156 330 0
156 334 0
156 455 0
156 456 0
157 429 0
157 305 0
157 309 0
157 457 0
157 458 0
158 431 0
158 306 0
158 310 0
158 459 0
158 460 0
159 430 0
159 337 0
159 341 0
159 461 0
159 462 0
160 432 0
160 338 0
160 342 0
160 463 0
160 464 0
161 161 7
161 162 0
161 163 0
161 162 7
161 163 7
162 162 7
162 167 0
162 168 0
162 167 7
162 168 7
163 163 7
163 171 0
163 172 0
163 171 7
163 172 7
164 164 7
164 165 0
164 166 0
164 165 7
164 166 7
165 165 7
165 169 0
165 170 0
165 169 7
165 170 7
166 166 7
166 173 0
166 174 0
166 173 7
166 174 7
167 167 7
167 191 0
167 192 0
167 191 7
167 192 7
168 168 7
168 199 0
168 200 0
168 199 7
168 200 7
169 169 7
169 195 0
169 196 0
169 195 7
169 196 7
170 170 7
170 203 0
170 204 0
170 203 7
170 204 7
171 171 7
171 207 0
171 208 0
171 207 7
171 208 7
172 172 7
172 215 0
172 216 0
172 215 7
172 216 7
173 173 7
173 211 0
173 212 0
173 211 7
173 212 7
174 174 7
174 219 0
174 220 0
174 219 7
174 220 7
175 175 7
175 176 0
175 177 0
175 176 7
175 177 7
176 176 7
176 181 0
176 182 0
176 181 7
176 182 7
177 177 7
177 185 0
177 186 0
177 185 7
177 186 7
178 178 7
178 179 0
178 180 0
178 179 7
178 180 7
179 179 7
179 183 0
179 184 0
179 183 7
179 184 7
180 180 7
180 187 0
180 188 0
180 187 7
180 188 7
181 181 7
181 223 0
181 224 0
181 223 7
181 224 7
182 182 7
182 231 0
182 232 0
182 231 7
182 232 7
183 183 7
183 227 0
183 228 0
183 227 7
183 228 7
184 184 7
184 235 0
184 236 0
184 235 7
184 236 7
185 185 7
185 239 0
185 240 0
185 239 7
185 240 7
186 186 7
186 247 0
186 248 0
186 247 7
186 248 7
187 187 7
187 243 0
187 244 0
187 243 7
187 244 7
188 188 7
188 251 0
188 252 0
188 251 7
188 252 7
189 191 5
189 373 0
189 465 5
190 192 5
190 375 0
190 466 5
191 191 7
191 465 0
191 465 7
192 192 7
192 466 0
192 466 7
193 195 6
193 374 0
193 467 6
194 196 6
194 376 0
194 468 6
195 195 7
195 467 0
195 467 7
196 196 7
196 468 0
196 468 7
197 199 5
197 381 0
197 469 5
198 200 5
198 383 0
198 470 5
199 199 7
199 469 0
199 469 7
200 200 7
200 470 0
200 470 7
201 203 6
201 382 0
201 471 6
202 204 6
202 384 0
202 472 6
203 203 7
203 471 0
203 471 7
204 204 7
204 472 0
204 472 7
205 207 5
205 433 0
205 473 5
206 208 5
206 435 0
206 474 5
207 207 7
207 473 0
207 473 7
208 208 7
208 474 0
208 474 7
209 211 6
209 434 0
209 475 6
210 212 6
210 436 0
210 476 6
211 211 7
211 475 0
211 475 7
212 212 7
212 476 0
212 476 7
213 215 5
213 441 0
213 477 5
214 216 5
214 443 0
214 478 5
215 215 7
215 477 0
215 477 7
216 216 7
216 478 0
216 478 7
217 219 6
217 442 0
217 479 6
218 220 6
218 444 0
218 480 6
219 219 7
219 479 0
219 479 7
220 220 7
220 480 0
220 480 7
221 223 5
221 377 0
221 481 5
222 224 5
222 379 0
222 482 5
223 223 7
223 481 0
223 481 7
224 224 7
224 482 0
224 482 7
225 227 6
225 378 0
225 483 6
226 228 6
226 380 0
226 484 6
227 227 7
227 483 0
227 483 7
228 228 7
228 484 0
228 484 7
229 231 5
229 385 0
229 485 5
230 232 5
230 387 0
230 486 5
231 231 7
231 485 0
231 485 7
232 232 7
232 486 0
232 486 7
233 235 6
233 386 0
233 487 6
234 236 6
234 388 0
234 488 6
235 235 7
235 487 0
235 487 7
236 236 7
236 488 0
236 488 7
237 239 5
237 437 0
237 489 5
238 240 5
238 439 0
238 490 5
239 239 7
239 489 0
239 489 7
240 240 7
240 490 0
240 490 7
241 243 6
241 438 0
241 491 6
242 244 6
242 440 0
242 492 6
243 243 7
243 491 0
243 491 7
244 244 7
244 492 0
244 492 7
245 247 5
245 445 0
245 493 5
246 248 5
246 447 0
246 494 5
247 247 7
247 493 0
247 493 7
248 248 7
248 494 0
248 494 7
249 251 6
249 446 0
249 495 6
250 252 6
250 448 0
250 496 6
251 251 7
251 495 0
251 495 7
252 252 7
252 496 0
252 496 7
253 253 7
253 254 0
253 255 0
253 254 7
253 255 7
254 254 7
254 259 0
254 260 0
254 259 7
254 260 7
255 255 7
255 263 0
255 264 0
255 263 7
255 264 7
256 256 7
256 257 0
256 258 0
256 257 7
256 258 7
257 257 7
257 261 0
257 262 0
257 261 7
257 262 7
258 258 7
258 265 0
258 266 0
258 265 7
258 266 7
259 259 7
259 283 0
259 284 0
259 283 7
259 284 7
260 260 7
260 291 0
260 292 0
260 291 7
260 292 7
261 261 7
261 287 0
261 288 0
261 287 7
261 288 7
262 262 7
262 295 0
262 296 0
262 295 7
262 296 7
263 263 7
263 299 0
263 300 0
263 299 7
263 300 7
264 264 7
264 307 0
264 308 0
264 307 7
264 308 7
265 265 7
265 303 0
265 304 0
265 303 7
265 304 7
266 266 7
266 311 0
266 312 0
266 311 7
266 312 7
267 267 7
267 268 0
267 269 0
267 268 7
267 269 7
268 268 7
268 273 0
268 274 0
268 273 7
268 274 7
269 269 7
269 277 0
269 278 0
269 277 7
269 278 7
270 270 7
270 271 0
270 272 0
270 271 7
270 272 7
271 271 7
271 275 0
271 276 0
271 275 7
271 276 7
272 272 7
272 279 0
272 280 0
272 279 7
272 280 7
273 273 7
273 315 0
273 316 0
273 315 7
273 316 7
274 274 7
274 323 0
274 324 0
274 323 7
274 324 7
275 275 7
275 319 0
275 320 0
275 319 7
275 320 7
276 276 7
276 327 0
276 328 0
276 327 7
276 328 7
277 277 7
277 331 0
277 332 0
277 331 7
277 332 7
278 278 7
278 339 0
278 340 0
278 339 7
278 340 7
279 279 7
279 335 0
279 336 0
279 335 7
279 336 7
280 280 7
280 343 0
280 344 0
280 343 7
280 344 7
281 283 5
281 389 0
281 497 5
282 284 5
282 391 0
282 498 5
283 283 7
283 497 0
283 497 7
284 284 7
284 498 0
284 498 7
285 287 6
285 390 0
285 499 6
286 288 6
286 392 0
286 500 6
287 287 7
287 499 0
287 499 7
288 288 7
288 500 0
288 500 7
289 291 5
289 397 0
289 501 5
290 292 5
290 399 0
290 502 5
291 291 7
291 501 0
291 501 7
292 292 7
292 502 0
292 502 7
293 295 6
293 398 0
293 503 6
294 296 6
294 400 0
294 504 6
295 295 7
295 503 0
295 503 7
296 296 7
296 504 0
296 504 7
297 299 5
297 449 0
297 505 5
298 300 5
298 451 0
298 506 5
299 299 7
299 505 0
299 505 7
300 300 7
300 506 0
300 506 7
301 303 6
301 450 0
301 507 6
302 304 6
302 452 0
302 508 6
303 303 7
303 507 0
303 507 7
304 304 7
304 508 0
304 508 7
305 307 5
305 457 0
305 509 5
306 308 5
306 459 0
306 510 5
307 307 7
307 509 0
307 509 7
308 308 7
308 510 0
308 510 7
309 311 6
309 458 0
309 511 6
310 312 6
310 460 0
310 512 6
311 311 7
311 511 0
311 511 7
312 312 7
312 512 0
312 512 7
313 315 5
313 393 0
313 513 5
314 316 5
314 395 0
314 514 5
315 315 7
315 513 0
315 513 7
316 316 7
316 514 0
316 514 7
317 319 6
317 394 0
317 515 6
318 320 6
318 396 0
318 516 6
319 319 7
319 515 0
319 515 7
320 320 7
320 516 0
320 516 7
321 323 5
321 401 0
321 517 5
322 324 5
322 403 0
322 518 5
323 323 7
323 517 0
323 517 7
324 324 7
324 518 0
324 518 7
325 327 6
325 402 0
325 519 6
326 328 6
326 404 0
326 520 6
327 327 7
327 519 0
327 519 7
328 328 7
328 520 0
328 520 7
329 331 5
329 453 0
329 521 5
330 332 5
330 455 0
330 522 5
331 331 7
331 521 0
331 521 7
332 332 7
332 522 0
332 522 7
333 335 6
333 454 0
333 523 6
334 336 6
334 456 0
334 524 6
335 335 7
335 523 0
335 523 7
336 336 7
336 524 0
336 524 7
337 339 5
337 461 0
337 525 5
338 340 5
338 463 0
338 526 5
339 339 7
339 525 0
339 525 7
340 340 7
340 526 0
340 526 7
341 343 6
341 462 0
341 527 6
342 344 6
342 464 0
342 528 6
343 343 7
343 527 0
343 527 7
344 344 7
344 528 0
344 528 7
345 346 1
345 347 2
345 345 0
345 346 1
345 347 2
346 351 3
346 352 4
346 346 0
346 351 3
346 352 4
347 355 3
347 356 4
347 347 0
347 355 3
347 356 4
348 349 1
348 350 2
348 348 0
348 349 1
348 350 2
349 353 3
349 354 4
349 349 0
349 353 3
349 354 4
350 357 3
350 358 4
350 350 0
350 357 3
350 358 4
351 351 0
351 373 0
351 374 0
351 373 0
351 374 0
352 352 0
352 377 0
352 378 0
352 377 0
352 378 0
353 353 0
353 375 0
353 376 0
353 375 0
353 376 0
354 354 0
354 379 0
354 380 0
354 379 0
354 380 0
355 355 0
355 389 0
355 390 0
355 389 0
355 390 0
356 356 0
356 393 0
356 394 0
356 393 0
356 394 0
357 357 0
357 391 0
357 392 0
357 391 0
357 392 0
358 358 0
358 395 0
358 396 0
358 395 0
358 396 0
359 360 1
359 361 2
359 359 0
359 360 1
359 361 2
360 365 3
360 366 4
360 360 0
360 365 3
360 366 4
361 369 3
361 370 4
361 361 0
361 369 3
361 370 4
362 363 1
362 364 2
362 362 0
362 363 1
362 364 2
363 367 3
363 368 4
363 363 0
363 367 3
363 368 4
364 371 3
364 372 4
364 364 0
364 371 3
364 372 4
365 365 0
365 381 0
365 382 0
365 381 0
365 382 0
366 366 0
366 385 0
366 386 0
366 385 0
366 386 0
367 367 0
367 383 0
367 384 0
367 383 0
367 384 0
368 368 0
368 387 0
368 388 0
368 387 0
368 388 0
369 369 0
369 397 0
369 398 0
369 397 0
369 398 0
370 370 0
370 401 0
370 402 0
370 401 0
370 402 0
371 371 0
371 399 0
371 400 0
371 399 0
371 400 0
372 372 0
372 403 0
372 404 0
372 403 0
372 404 0
373 465 5
373 373 0
373 465 5
374 467 6
374 374 0
374 467 6
375 466 5
375 375 0
375 466 5
376 468 6
376 376 0
376 468 6
377 481 5
377 377 0
377 481 5
378 483 6
378 378 0
378 483 6
379 482 5
379 379 0
379 482 5
380 484 6
380 380 0
380 484 6
381 469 5
381 381 0
381 469 5
382 471 6
382 382 0
382 471 6
383 470 5
383 383 0
383 470 5
384 472 6
384 384 0
384 472 6
385 485 5
385 385 0
385 485 5
386 487 6
386 386 0
386 487 6
387 486 5
387 387 0
387 486 5
388 488 6
388 388 0
388 488 6
389 497 5
389 389 0
389 497 5
390 499 6
390 390 0
390 499 6
391 498 5
391 391 0
391 498 5
392 500 6
392 392 0
392 500 6
393 513 5
393 393 0
393 513 5
394 515 6
394 394 0
394 515 6
395 514 5
395 395 0
395 514 5
396 516 6
396 396 0
396 516 6
397 501 5
397 397 0
397 501 5
398 503 6
398 398 0
398 503 6
399 502 5
399 399 0
399 502 5
400 504 6
400 400 0
400 504 6
401 517 5
401 401 0
401 517 5
402 519 6
402 402 0
402 519 6
403 518 5
403 403 0
403 518 5
404 520 6
404 404 0
404 520 6
405 406 1
405 407 2
405 405 0
405 406 1
405 407 2
406 411 3
406 412 4
406 406 0
406 411 3
406 412 4
407 415 3
407 416 4
407 407 0
407 415 3
407 416 4
408 409 1
408 410 2
408 408 0
408 409 1
408 410 2
409 413 3
409 414 4
409 409 0
409 413 3
409 414 4
410 417 3
410 418 4
410 410 0
410 417 3
410 418 4
411 411 0
411 433 0
411 434 0
411 433 0
411 434 0
412 412 0
412 437 0
412 438 0
412 437 0
412 438 0
413 413 0
413 435 0
413 436 0
413 435 0
413 436 0
414 414 0
414 439 0
414 440 0
414 439 0
414 440 0
415 415 0
415 449 0
415 450 0
415 449 0
415 450 0
416 416 0
416 453 0
416 454 0
416 453 0
416 454 0
417 417 0
417 451 0
417 452 0
417 451 0
417 452 0
418 418 0
418 455 0
418 456 0
418 455 0
418 456 0
419 420 1
419 421 2
419 419 0
419 420 1
419 421 2
420 425 3
420 426 4
420 420 0
420 425 3
420 426 4
421 429 3
421 430 4
421 421 0
421 429 3
421 430 4
422 423 1
422 424 2
422 422 0
422 423 1
422 424 2
423 427 3
423 428 4
423 423 0
423 427 3
423 428 4
424 431 3
424 432 4
424 424 0
424 431 3
424 432 4
425 425 0
425 441 0
425 442 0
425 441 0
425 442 0
426 426 0
426 445 0
426 446 0
426 445 0
426 446 0
427 427 0
427 443 0
427 444 0
427 443 0
427 444 0
428 428 0
428 447 0
428 448 0
428 447 0
428 448 0
429 429 0
429 457 0
429 458 0
429 457 0
429 458 0
430 430 0
430 461 0
430 462 0
430 461 0
430 462 0
431 431 0
431 459 0
431 460 0
431 459 0
431 460 0
432 432 0
432 463 0
432 464 0
432 463 0
432 464 0
433 473 5
433 433 0
433 473 5
434 475 6
434 434 0
434 475 6
435 474 5
435 435 0
435 474 5
436 476 6
436 436 0
436 476 6
437 489 5
437 437 0
437 489 5
438 491 6
438 438 0
438 491 6
439 490 5
439 439 0
439 490 5
440 492 6
440 440 0
440 492 6
441 477 5
441 441 0
441 477 5
442 479 6
442 442 0
442 479 6
443 478 5
443 443 0
443 478 5
444 480 6
444 444 0
444 480 6
445 493 5
445 445 0
445 493 5
446 495 6
446 446 0
446 495 6
447 494 5
447 447 0
447 494 5
448 496 6
448 448 0
448 496 6
449 505 5
449 449 0
449 505 5
450 507 6
450 450 0
450 507 6
451 506 5
451 451 0
451 506 5
452 508 6
452 452 0
452 508 6
453 521 5
453 453 0
453 521 5
454 523 6
454 454 0
454 523 6
455 522 5
455 455 0
455 522 5
456 524 6
456 456 0
456 524 6
457 509 5
457 457 0
457 509 5
458 511 6
458 458 0
458 511 6
459 510 5
459 459 0
459 510 5
460 512 6
460 460 0
460 512 6
461 525 5
461 461 0
461 525 5
462 527 6
462 462 0
462 527 6
463 526 5
463 463 0
463 526 5
464 528 6
464 464 0
464 528 6
465 465 7
465 465 0
465 465 7
466 466 7
466 466 0
466 466 7
467 467 7
467 467 0
467 467 7
468 468 7
468 468 0
468 468 7
469 469 7
469 469 0
469 469 7
470 470 7
470 470 0
470 470 7
471 471 7
471 471 0
471 471 7
472 472 7
472 472 0
472 472 7
473 473 7
473 473 0
473 473 7
474 474 7
474 474 0
474 474 7
475 475 7
475 475 0
475 475 7
476 476 7
476 476 0
476 476 7
477 477 7
477 477 0
477 477 7
478 478 7
478 478 0
478 478 7
479 479 7
479 479 0
479 479 7
480 480 7
480 480 0
480 480 7
481 481 7
481 481 0
481 481 7
482 482 7
482 482 0
482 482 7
483 483 7
483 483 0
483 483 7
484 484 7
484 484 0
484 484 7
485 485 7
485 485 0
485 485 7
486 486 7
486 486 0
486 486 7
487 487 7
487 487 0
487 487 7
488 488 7
488 488 0
488 488 7
489 489 7
489 489 0
489 489 7
490 490 7
490 490 0
490 490 7
491 491 7
491 491 0
491 491 7
492 492 7
492 492 0
492 492 7
493 493 7
493 493 0
493 493 7
494 494 7
494 494 0
494 494 7
495 495 7
495 495 0
495 495 7
496 496 7
496 496 0
496 496 7
497 497 7
497 497 0
497 497 7
498 498 7
498 498 0
498 498 7
499 499 7
499 499 0
499 499 7
500 500 7
500 500 0
500 500 7
501 501 7
501 501 0
501 501 7
502 502 7
502 502 0
502 502 7
503 503 7
503 503 0
503 503 7
504 504 7
504 504 0
504 504 7
505 505 7
505 505 0
505 505 7
506 506 7
506 506 0
506 506 7
507 507 7
507 507 0
507 507 7
508 508 7
508 508 0
508 508 7
509 509 7
509 509 0
509 509 7
510 510 7
510 510 0
510 510 7
511 511 7
511 511 0
511 511 7
512 512 7
512 512 0
512 512 7
513 513 7
513 513 0
513 513 7
514 514 7
514 514 0
514 514 7
515 515 7
515 515 0
515 515 7
516 516 7
516 516 0
516 516 7
517 517 7
517 517 0
517 517 7
518 518 7
518 518 0
518 518 7
519 519 7
519 519 0
519 519 7
520 520 7
520 520 0
520 520 7
521 521 7
521 521 0
521 521 7
522 522 7
522 522 0
522 522 7
523 523 7
523 523 0
523 523 7
524 524 7
524 524 0
524 524 7
525 525 7
525 525 0
525 525 7
526 526 7
526 526 0
526 526 7
527 527 7
527 527 0
527 527 7
528 528 7
528 528 0
528 528 7
24
1 0
23 1 5 6 135 136 141 142 406 23 24 409 29 30 420 423 346 349 360 107 108 363 113 114
23 2 7 8 137 138 143 144 407 25 26 410 31 32 421 424 347 350 361 364 109 110 115 116
22 3 4 133 134 139 140 21 22 405 408 27 28 419 422 345 348 359 105 106 362 111 112
23 9 11 12 145 146 149 150 411 413 33 34 37 38 425 427 351 353 365 367 117 118 121 122
23 10 13 14 147 148 151 152 412 414 35 36 39 40 426 428 352 354 366 368 119 120 123 124
23 129 130 15 17 18 153 154 157 158 415 417 41 42 45 46 429 431 355 357 369 371 125 126
23 128 131 132 16 19 20 155 156 159 160 416 418 43 44 430 47 48 432 356 358 370 372 127
23 49 433 51 435 53 441 443 189 61 190 63 65 67 197 198 205 206 213 214 373 375 381 383
23 384 50 434 52 436 54 442 444 62 64 193 66 194 68 201 202 209 210 217 218 374 376 382
23 385 387 437 55 439 57 59 445 447 69 71 73 75 221 222 229 230 237 238 245 246 377 379
23 386 388 438 56 440 58 60 446 448 70 72 74 76 225 226 233 234 378 241 242 249 250 380
23 389 391 397 399 281 282 289 290 297 298 305 306 449 451 457 459 77 79 81 89 91 93 95
23 390 392 398 400 285 286 293 294 301 302 309 310 450 452 458 460 78 80 82 90 92 94 96
23 393 395 401 403 313 314 321 322 453 455 329 330 461 463 337 338 83 85 87 97 99 101 103
23 394 396 402 404 317 318 325 326 454 456 333 334 462 464 84 341 86 342 88 98 100 102 104
23 161 162 163 167 168 171 172 191 192 199 200 207 208 465 466 469 470 215 216 473 474 477 478
23 164 165 166 169 170 173 174 195 196 203 204 211 212 467 468 471 472 219 220 475 476 479 480
23 175 176 177 181 182 185 186 223 224 481 482 485 486 231 232 489 490 493 494 239 240 247 248
23 178 179 180 183 184 187 188 227 228 483 484 487 488 235 236 491 492 495 496 243 244 251 252
23 509 259 260 510 263 264 283 284 291 292 299 300 307 308 497 498 501 502 505 506 253 254 255
23 256 257 258 512 261 262 265 266 287 288 295 296 303 304 311 312 499 500 503 504 507 508 511
23 513 514 517 518 521 522 267 268 269 525 526 273 274 277 278 315 316 323 324 331 332 339 340
23 515 516 519 520 523 524 270 271 272 527 528 275 276 279 280 319 320 327 328 335 336 343 344
483
0
1
2
3
4
5
6
7
8
9
10
11
12
13
14
15
16
17
18
19
20
21
22
23
24
25
26
27
28
29
30
31
32
33
34
35
36
37
38
39
40
41
42
43
44
45
46
47
48
49
50
51
52
53
54
55
56
57
58
59
60
61
62
63
64
65
66
67
68
69
70
71
72
73
74
75
76
77
78
79
80
81
82
83
84
85
86
87
88
89
90
91
92
93
94
95
96
97
98
99
100
101
102
103
104
105
106
107
108
109
110
111
112
113
114
115
116
117
118
119
120
121
122
123
124
125
126
127
128
129
130
131
132
133
134
135
136
137
138
139
140
141
142
143
144
145
146
147
148
149
150
151
152
153
154
155
156
157
158
159
160
161
162
163
164
165
166
167
168
169
170
171
172
173
174
175
176
177
178
179
180
181
182
183
184
185
186
187
188
189
190
191
192
193
194
195
196
197
198
199
200
201
202
203
204
205
206
207
208
209
210
211
212
213
214
215
216
217
218
219
220
221
222
223
224
225
226
227
228
229
230
231
232
233
234
235
236
237
238
239
240
241
242
243
244
245
246
247
248
249
250
251
252
256
257
258
261
262
265
266
270
271
272
275
276
279
280
281
282
285
286
287
288
289
290
293
294
295
296
297
298
301
302
303
304
305
306
309
310
311
312
313
314
317
318
319
320
321
322
325
326
327
328
329
330
333
334
335
336
337
338
341
342
343
344
345
346
347
348
349
350
351
352
353
354
355
356
357
358
359
360
361
362
363
364
365
366
367
368
369
370
371
372
373
374
375
376
377
378
379
380
381
382
383
384
385
386
387
388
389
390
391
392
393
394
395
396
397
398
399
400
401
402
403
404
405
406
407
408
409
410
411
412
413
414
415
416
417
418
419
420
421
422
423
424
425
426
427
428
429
430
431
432
433
434
435
436
437
438
439
440
441
442
443
444
445
446
447
448
449
450
451
452
453
454
455
456
457
458
459
460
461
462
463
464
465
466
467
468
469
470
471
472
473
474
475
476
477
478
479
480
481
482
483
484
485
486
487
488
489
490
491
492
493
494
495
496
499
500
503
504
507
508
511
512
515
516
519
520
523
524
527
528
0
