161
1
528
0 1 1
0 2 2
0 3 0
0 4 0
0 5 1
0 6 1
0 7 2
0 8 2
1 9 3
1 10 4
1 5 0
1 6 0
1 11 3
1 12 3
1 13 4
1 14 4
2 15 3
2 16 4
2 7 0
2 8 0
2 17 3
2 18 3
2 19 4
2 20 4
3 5 1
3 7 2
3 21 0
3 22 0
3 23 1
3 24 1
3 25 2
3 26 2
4 6 1
4 8 2
4 27 0
4 28 0
4 29 1
4 30 1
4 31 2
4 32 2
5 11 3
5 13 4
5 23 0
5 24 0
5 33 3
5 34 3
5 35 4
5 36 4
6 12 3
6 14 4
6 29 0
6 30 0
6 37 3
6 38 3
6 39 4
6 40 4
7 17 3
7 19 4
7 25 0
7 26 0
7 41 3
7 42 3
7 43 4
7 44 4
8 18 3
8 20 4
8 31 0
8 32 0
8 45 3
8 46 3
8 47 4
8 48 4
9 11 0
9 12 0
9 49 0
9 50 0
9 51 0
9 52 0
9 53 0
9 54 0
10 13 0
10 14 0
10 55 0
10 56 0
10 57 0
10 58 0
10 59 0
10 60 0
11 33 0
11 34 0
11 51 0
11 52 0
11 61 0
11 62 0
11 63 0
11 64 0
12 37 0
12 38 0
12 53 0
12 54 0
12 65 0
12 66 0
12 67 0
12 68 0
13 35 0
13 36 0
13 57 0
13 58 0
13 69 0
13 70 0
13 71 0
13 72 0
14 39 0
14 40 0
14 59 0
14 60 0
14 73 0
14 74 0
14 75 0
14 76 0
15 17 0
15 18 0
15 77 0
15 78 0
15 79 0
15 80 0
15 81 0
15 82 0
16 19 0
16 20 0
16 83 0
16 84 0
16 85 0
16 86 0
16 87 0
16 88 0
17 41 0
17 42 0
17 79 0
17 80 0
17 89 0
17 90 0
17 91 0
17 92 0
18 45 0
18 46 0
18 81 0
18 82 0
18 93 0
18 94 0
18 95 0
18 96 0
19 43 0
19 44 0
19 85 0
19 86 0
19 97 0
19 98 0
19 99 0
19 100 0
20 47 0
20 48 0
20 87 0
20 88 0
20 101 0
20 102 0
20 103 0
20 104 0
21 23 1
21 25 2
22 24 1
22 26 2
23 33 3
23 35 4
24 34 3
24 36 4
25 41 3
25 43 4
26 42 3
26 44 4
27 29 1
27 31 2
28 30 1
28 32 2
29 37 3
29 39 4
30 38 3
30 40 4
31 45 3
31 47 4
32 46 3
32 48 4
33 61 0
33 62 0
34 63 0
34 64 0
35 69 0
35 70 0
36 71 0
36 72 0
37 65 0
37 66 0
38 67 0
38 68 0
39 73 0
39 74 0
40 75 0
40 76 0
41 89 0
41 90 0
42 91 0
42 92 0
43 97 0
43 98 0
44 99 0
44 100 0
45 93 0
45 94 0
46 95 0
46 96 0
47 101 0
47 102 0
48 103 0
48 104 0
49 105 5
49 51 0
49 53 0
49 106 5
49 107 5
50 108 6
50 52 0
50 54 0
50 109 6
50 110 6
51 106 5
51 61 0
51 63 0
51 111 5
51 112 5
52 109 6
52 62 0
52 64 0
52 113 6
52 114 6
53 107 5
53 65 0
53 67 0
53 115 5
53 116 5
54 110 6
54 66 0
54 68 0
54 117 6
54 118 6
55 119 5
55 57 0
55 59 0
55 120 5
55 121 5
56 122 6
56 58 0
56 60 0
56 123 6
56 124 6
57 120 5
57 69 0
57 71 0
57 125 5
57 126 5
58 123 6
58 70 0
58 72 0
58 127 6
58 128 6
59 121 5
59 73 0
59 75 0
59 129 5
59 130 5
60 124 6
60 74 0
60 76 0
60 131 6
60 132 6
61 111 5
62 113 6
63 112 5
64 114 6
65 115 5
66 117 6
67 116 5
68 118 6
69 125 5
70 127 6
71 126 5
72 128 6
73 129 5
74 131 6
75 130 5
76 132 6
77 133 5
77 79 0
77 81 0
77 134 5
77 135 5
78 136 6
78 80 0
78 82 0
78 137 6
78 138 6
79 134 5
79 89 0
79 91 0
79 139 5
79 140 5
80 137 6
80 90 0
80 92 0
80 141 6
80 142 6
81 135 5
81 93 0
81 95 0
81 143 5
81 144 5
82 138 6
82 94 0
82 96 0
82 145 6
82 146 6
83 147 5
83 85 0
83 87 0
83 148 5
83 149 5
84 150 6
84 86 0
84 88 0
84 151 6
84 152 6
85 148 5
85 97 0
85 99 0
85 153 5
85 154 5
86 151 6
86 98 0
86 100 0
86 155 6
86 156 6
87 149 5
87 101 0
87 103 0
87 157 5
87 158 5
88 152 6
88 102 0
88 104 0
88 159 6
88 160 6
89 139 5
90 141 6
91 140 5
92 142 6
93 143 5
94 145 6
95 144 5
96 146 6
97 153 5
98 155 6
99 154 5
100 156 6
101 157 5
102 159 6
103 158 5
104 160 6
105 105 7
105 106 0
105 107 0
105 106 7
105 107 7
106 106 7
106 111 0
106 112 0
106 111 7
106 112 7
107 107 7
107 115 0
107 116 0
107 115 7
107 116 7
108 108 7
108 109 0
108 110 0
108 109 7
108 110 7
109 109 7
109 113 0
109 114 0
109 113 7
109 114 7
110 110 7
110 117 0
110 118 0
110 117 7
110 118 7
111 111 7
112 112 7
113 113 7
114 114 7
115 115 7
116 116 7
117 117 7
118 118 7
119 119 7
119 120 0
119 121 0
119 120 7
119 121 7
120 120 7
120 125 0
120 126 0
120 125 7
120 126 7
121 121 7
121 129 0
121 130 0
121 129 7
121 130 7
122 122 7
122 123 0
122 124 0
122 123 7
122 124 7
123 123 7
123 127 0
123 128 0
123 127 7
123 128 7
124 124 7
124 131 0
124 132 0
124 131 7
124 132 7
125 125 7
126 126 7
127 127 7
128 128 7
129 129 7
130 130 7
131 131 7
132 132 7
133 133 7
133 134 0
133 135 0
133 134 7
133 135 7
134 134 7
134 139 0
134 140 0
134 139 7
134 140 7
135 135 7
135 143 0
135 144 0
135 143 7
135 144 7
136 136 7
136 137 0
136 138 0
136 137 7
136 138 7
137 137 7
137 141 0
137 142 0
137 141 7
137 142 7
138 138 7
138 145 0
138 146 0
138 145 7
138 146 7
139 139 7
140 140 7
141 141 7
142 142 7
143 143 7
144 144 7
145 145 7
146 146 7
147 147 7
147 148 0
147 149 0
147 148 7
147 149 7
148 148 7
148 153 0
148 154 0
148 153 7
148 154 7
149 149 7
149 157 0
149 158 0
149 157 7
149 158 7
150 150 7
150 151 0
150 152 0
150 151 7
150 152 7
151 151 7
151 155 0
151 156 0
151 155 7
151 156 7
152 152 7
152 159 0
152 160 0
152 159 7
152 160 7
153 153 7
154 154 7
155 155 7
156 156 7
157 157 7
158 158 7
159 159 7
160 160 7
43
1 0
3 1 5 6
3 8 2 7
2 3 4
7 33 34 37 38 9 11 12
7 35 36 39 40 10 13 14
7 41 42 45 46 15 17 18
7 43 44 47 16 48 19 20
4 27 28 21 22
4 24 29 30 23
4 32 25 26 31
3 49 51 53
3 50 52 54
3 57 59 55
3 56 58 60
4 65 67 61 63
4 64 66 68 62
4 73 75 69 71
4 72 74 76 70
3 81 77 79
3 80 82 78
3 83 85 87
3 88 84 86
4 89 91 93 95
4 96 90 92 94
4 97 99 101 103
4 104 98 100 102
3 105 106 107
3 108 109 110
4 112 115 116 111
4 113 114 117 118
3 120 121 119
3 122 123 124
4 129 130 125 126
4 128 131 132 127
3 133 134 135
3 136 137 138
4 144 139 140 143
4 145 146 141 142
3 147 148 149
3 152 150 151
4 153 154 157 158
4 160 155 156 159
147
0
1
2
3
4
5
6
7
8
9
10
11
12
13
14
15
16
17
18
19
20
21
22
23
24
25
26
27
28
29
30
31
32
33
34
35
36
37
38
39
40
41
42
43
44
45
46
47
48
49
50
51
52
53
54
55
56
57
58
59
60
61
62
63
64
65
66
67
68
69
70
71
72
73
74
75
76
77
78
79
80
81
82
83
84
85
86
87
88
89
90
91
92
93
94
95
96
97
98
99
100
101
102
103
104
105
106
107
108
109
110
111
112
113
114
115
116
117
118
119
120
121
122
123
124
125
126
127
128
129
130
131
132
136
137
138
141
142
145
146
150
151
152
155
156
159
160
0
